------------------------------------------------------------
References:
Mankelevich

File_type:
1)Key_word("ELASTIC","EXCITATION",...)
2)Target_particle||process("N2(0)"||"N2(0)->N2[A3]")//or_additional_products:N2[A3]...//
3)threshold_energy(or_mass_ratio-for_elastic_collisions)
4)User_comment

Cross sections dimension - [cm^2]
------------------------------------------------------------

ELASTIC
O2
1.70e-5	//mass_ratio
//elastic
------------------------------------------------------------
0.00E+00	4.00E-16						
1.10E-01	4.80E-16						
1.20E-01	5.10E-16						
1.50E-01	5.70E-16						
2.00E-01	6.20E-16						
2.20E-01	5.00E-16						
2.50E-01	4.20E-16						
3.00E-01	4.60E-16						
4.00E-01	5.30E-16						
5.00E-01	5.70E-16						
6.00E-01	6.00E-16						
6.50E-01	6.10E-16
7.00E-01	6.00E-16
8.00E-01	5.90E-16
1.00E+00	5.90E-16
1.20E+00	5.90E-16
1.60E+00	6.00E-16
2.00E+00	6.00E-16
2.50E+00	6.20E-16
3.00E+00	6.50E-16
4.00E+00	6.80E-16
5.00E+00	7.10E-16
6.00E+00	7.50E-16
7.00E+00	8.00E-16
8.00E+00	8.60E-16
9.00E+00	9.00E-16
1.00E+01	9.20E-16
1.20E+01	9.00E-16	
1.50E+01	8.50E-16	
2.00E+01	7.50E-16	
2.50E+01	7.00E-16	
3.00E+01	6.50E-16	
4.00E+01	6.00E-16	
5.00E+01	5.60E-16	
6.00E+01	5.30E-16	
7.00E+01	5.10E-16	
1.00E+02	5.10E-16	
------------------------------------------------------------


EXCITATION
O2 -> O2
0.2	//threshold_energy
//O2(v=1)_excitation
------------------------------------------------------------
2.00E-01	0.00E+00		
2.16E-01	2.00E-18		
2.33E-01	1.00E-18		
2.65E-01	1.00E-18		
2.82E-01	2.00E-18		
2.98E-01	4.00E-18		
3.30E-01	7.00E-18		
3.79E-01	1.00E-18		
4.61E-01	2.30E-17		
5.10E-01	3.00E-18
5.75E-01	3.10E-17
6.24E-01	3.00E-18
7.05E-01	2.90E-17
7.54E-01	3.00E-18
8.03E-01	1.80E-17
8.52E-01	3.00E-18
9.17E-01	1.00E-17
9.66E-01	1.00E-18
1.03E+00	5.00E-18
1.08E+00	1.00E-18
1.13E+00	3.00E-18
1.18E+00	1.00E-18
1.28E+00	1.00E-18
1.31E+00	0.00E+00
1.36E+00	1.00E-18
1.39E+00	0.00E+00
1.44E+00	1.00E-18
1.49E+00	0.00E+00
2.00E+00	2.00E-18
2.83E+00	3.50E-18
4.50E+00	7.50E-18
5.33E+00	1.15E-17
5.75E+00	1.48E-17
6.17E+00	1.18E-16
9.50E+00	5.80E-17
9.92E+00	5.65E-17
1.20E+01	3.20E-17
1.45E+01	1.10E-17
1.53E+01	7.00E-18
1.62E+01	4.00E-18
1.70E+01	0.00E+00
1.73E+01	0.00E+00		
------------------------------------------------------------

EXCITATION
O2 -> O2
3.96E-01	//threshold_energy
//O2(v=2)_excitation
------------------------------------------------------------
3.96E-01	0.00E+00		
4.12E-01	0.00E+00		
4.28E-01	1.00E-18		
4.61E-01	1.00E-18		
4.77E-01	0.00E+00		
5.10E-01	0.00E+00		
5.59E-01	2.50E-18		
6.08E-01	1.00E-18		
6.89E-01	8.00E-18		
7.38E-01	2.00E-18		
8.03E-01	1.00E-17		
8.52E-01	2.00E-18
9.17E-01	1.00E-17
9.66E-01	2.00E-18
1.03E+00	7.00E-18
1.08E+00	1.00E-18
1.13E+00	4.00E-18
1.19E+00	0.00E+00
1.24E+00	2.00E-18
1.28E+00	0.00E+00
1.33E+00	0.00E+00
1.34E+00	1.00E-18
1.36E+00	0.00E+00
1.42E+00	0.00E+00
1.44E+00	1.00E-18
1.49E+00	0.00E+00
2.00E+00	0.00E+00
5.75E+00	6.30E-18	
6.16E+00	7.50E-18	
7.00E+00	1.10E-17	
7.83E+00	1.60E-17	
8.67E+00	2.20E-17	
9.50E+00	2.55E-17	
9.92E+00	2.60E-17	
1.03E+01	2.55E-17	
1.28E+01	1.00E-17	
1.37E+01	7.00E-18	
1.70E+01	0.00E+00	
1.73E+01	0.00E+00	
------------------------------------------------------------

EXCITATION
O = O[1D]	1.8
2.0	//threshold_energy
//O[1D]_excitation
------------------------------------------------------------
2.00E+00	0.00E+00		
2.30E+00	2.74E-18		
3.00E+00	1.55E-17		
4.00E+00	3.95E-17		
5.50E+00	5.41E-17		
8.00E+00	4.59E-17		
1.00E+01	3.61E-17		
1.50E+01	2.10E-17		
2.00E+01	1.33E-17		
3.00E+01	6.81E-18		
5.00E+01	2.90E-18		
1.00E+02	8.10E-19		
------------------------------------------------------------

EXCITATION
O = O[1S]	9.0
4.2	//threshold_energy
//O[1S]_excitation
------------------------------------------------------------
4.20E+00	0.00E+00		
4.50E+00	3.20E-19		
5.00E+00	9.00E-19		
6.00E+00	1.90E-18		
8.00E+00	3.02E-18		
1.10E+01	3.36E-18		
1.50E+01	2.93E-18		
2.00E+01	2.23E-18		
3.00E+01	1.31E-18		
5.00E+01	5.30E-19		
1.00E+02	1.40E-19		
------------------------------------------------------------

EXCITATION
O2 = O2[a]	1.5
1.0	//threshold_energy
//O2[a]_excitation
------------------------------------------------------------
1.00E+00	0.00E+00
1.14E+00	3.20E-19
1.30E+00	6.30E-19
1.50E+00	1.00E-18
1.70E+00	1.30E-18
1.90E+00	1.60E-18
2.20E+00	2.00E-18
2.50E+00	2.50E-18
2.90E+00	3.10E-18
3.30E+00	3.60E-18
3.80E+00	4.40E-18
4.30E+00	5.00E-18
5.00E+00	5.80E-18
5.70E+00	6.60E-18
6.50E+00	7.30E-18
7.40E+00	7.40E-18
8.50E+00	6.90E-18
9.70E+00	6.00E-18
1.11E+01	5.30E-18
1.26E+01	4.50E-18
1.44E+01	3.90E-18
1.65E+01	3.30E-18
1.89E+01	2.80E-18
2.16E+01	2.50E-18
2.46E+01	2.00E-18
2.82E+01	1.70E-18
3.22E+01	1.40E-18
3.68E+01	1.30E-18
4.20E+01	1.10E-18
4.80E+01	9.30E-19
5.48E+01	7.80E-19
6.27E+01	6.80E-19
8.19E+01	5.25E-19		
9.36E+01	4.60E-19		
1.06E+02	4.00E-19		
4.00E+02	1.00E-19		
------------------------------------------------------------

EXCITATION
O2 = O2[b]	3.0
1.5	//threshold_energy
//O2[b]_excitation
------------------------------------------------------------
1.50E+00	0.00E+00		
1.70E+00	2.50E-19		
1.90E+00	4.60E-19		
2.20E+00	6.70E-19		
2.50E+00	8.50E-19		
2.90E+00	1.00E-18		
3.30E+00	1.30E-18		
3.80E+00	1.50E-18		
4.30E+00	1.70E-18		
5.00E+00	1.80E-18
5.70E+00	2.00E-18
6.50E+00	2.00E-18
7.40E+00	2.00E-18
8.50E+00	1.80E-18
9.70E+00	1.70E-18
1.11E+01	1.50E-18
1.26E+01	1.30E-18
1.44E+01	1.10E-18
1.65E+01	1.00E-18
1.89E+01	8.70E-19
2.16E+01	7.80E-19
2.46E+01	6.80E-19
2.82E+01	5.90E-19
3.22E+01	5.10E-19
3.68E+01	4.50E-19
4.20E+01	3.90E-19		
4.80E+01	3.30E-19		
5.48E+01	2.80E-19		
6.27E+01	2.50E-19		
8.19E+01	1.90E-19		
9.36E+01	1.60E-19		
1.06E+02	1.40E-19		
3.00E+02	1.00E-19		
------------------------------------------------------------

EXCITATION
O2[a] = O2[b]	2.0
5.00e-001	//threshold_energy
//O2[a->b]_excitation
------------------------------------------------------------
5.00E-01	0.00E+00
7.00E-01	2.50E-19
9.00E-01	4.60E-19
1.20E+00	6.70E-19
1.50E+00	8.50E-19
1.90E+00	1.00E-18
2.30E+00	1.30E-18
2.80E+00	1.50E-18
3.30E+00	1.70E-18
4.00E+00	1.80E-18
4.70E+00	2.00E-18
5.50E+00	2.00E-18
6.40E+00	2.00E-18
7.50E+00	1.80E-18
8.70E+00	1.70E-18
1.01E+01	1.50E-18
1.16E+01	1.30E-18
1.34E+01	1.10E-18
1.55E+01	1.00E-18
1.79E+01	8.70E-19
2.06E+01	7.80E-19
2.36E+01	6.80E-19
2.72E+01	5.90E-19
3.12E+01	5.10E-19
3.58E+01	4.50E-19
4.10E+01	3.90E-19
4.70E+01	3.30E-19
5.38E+01	2.80E-19
6.17E+01	2.50E-19
8.09E+01	1.90E-19
9.26E+01	1.60E-19
1.05E+02	1.40E-19
2.99E+02	1.00E-19
------------------------------------------------------------

EXCITATION
O2 = O2[Hz]	1.0
4.48	//threshold_energy
//O2[Hz]_excitation_Ola_tabO2
------------------------------------------------------------
4.48E+00	0.00E+00		
4.68E+00	1.50E-18		
4.72E+00	3.00E-18		
6.21E+00	1.63E-17		
6.37E+00	1.74E-17		
6.60E+00	1.77E-17		
6.84E+00	1.67E-17		
7.12E+00	1.55E-17		
7.39E+00	1.41E-17		
9.91E+00	4.20E-18		
1.04E+01	3.10E-18		
1.15E+01	1.00E-18		
4.00E+01	0.00E+00		
1.00E+02	0.00E+00		
------------------------------------------------------------

DISSOCIATION
O2 -> O  O
5.58	//threshold_energy
//O2[Hz]->O[3P]+O[3P]_excitation_Ini_Ola_2002
------------------------------------------------------------
5.58E+00	0.00E+00		
6.17E+00	6.00E-19		
6.68E+00	1.40E-18		
7.46E+00	3.00E-18		
1.15E+01	1.58E-17		
1.21E+01	1.63E-17		
1.26E+01	1.60E-17		
1.96E+01	9.40E-18		
2.08E+01	8.90E-18		
2.53E+01	6.60E-18		
2.59E+01	6.40E-18		
3.87E+01	3.40E-18		
4.56E+01	2.10E-18		
4.77E+01	1.50E-18		
1.00E+02	9.60E-19		
1.00E+03	1.00E-19		
------------------------------------------------------------

DISSOCIATION
O2 -> O  O[1D]
7.34	//threshold_energy
//O2[Hz]->O[3P]+O[1D]_excitation_Ini_Ola_2002
------------------------------------------------------------
7.34E+00	0.00E+00		
7.73E+00	2.00E-18
8.01E+00	4.20E-18
8.36E+00	7.10E-18
9.30E+00	2.32E-17
9.50E+00	2.67E-17
1.13E+01	4.96E-17
1.32E+01	6.54E-17
1.69E+01	8.22E-17
2.04E+01	9.25E-17
2.20E+01	9.59E-17
2.44E+01	9.89E-17
2.69E+01	9.99E-17
2.83E+01	1.05E-16
4.71E+01	1.10E-16
5.48E+01	1.10E-16
6.27E+01	1.10E-16
8.19E+01	1.05E-16		
9.36E+01	1.02E-16		
1.06E+02	1.00E-16		
3.00E+02	3.00E-17		
5.00E+02	1.40E-17		
1.00E+03	7.80E-18		
------------------------------------------------------------

DISSOCIATION
O2 -> O  O[1S]
9.74	//threshold_energy
//O2[Hz]->O[3P]+O[1S]_excitation_Ini_Ola_2002
------------------------------------------------------------
9.74E+00	0.00E+00		
1.30E+01	2.66E-18		
1.54E+01	4.14E-18		
2.02E+01	5.77E-18		
2.58E+01	6.96E-18		
3.30E+01	7.75E-18		
4.80E+01	8.38E-18		
7.00E+01	8.50E-18		
1.00E+02	8.00E-18		
5.00E+02	1.00E-18		
------------------------------------------------------------

DISSATTACHMENT
O2 -> O O-
4.0 	//threshold_energy
//2-body_Attachment_O2+e->O+O-
------------------------------------------------------------
4.00E+00	0.00E+00		
4.50E+00	5.50E-20		
5.00E+00	2.60E-19		
6.00E+00	1.20E-18		
6.50E+00	1.30E-18		
7.00E+00	1.20E-18		
8.00E+00	4.10E-19		
9.00E+00	8.10E-20		
1.00E+01	4.10E-20		
1.10E+01	0.00E+00		
4.00E+01	0.00E+00		
------------------------------------------------------------

IONIZATION
O2 -> O2+
12.6 	//threshold_energy
//O2_ionization_12.6
------------------------------------------------------------
1.26E+01	0.00E+00		
1.37E+01	2.90E-18		
1.87E+01	2.42E-17		
2.27E+01	4.46E-17		
2.64E+01	6.76E-17		
3.30E+01	1.08E-16		
5.48E+01	1.40E-16		
6.27E+01	1.44E-16		
8.19E+01	1.50E-16		
9.36E+01	1.52E-16	
1.06E+02	1.52E-16	
6.00E+02	1.23E-16	
1.00E+03	1.05E-16	
------------------------------------------------------------

IONIZATION
O -> O+
13.6 	//threshold_energy
//O_ionization_13.6
------------------------------------------------------------
1.36E+01	0.00E+00		
2.00E+01	5.60E-17		
2.50E+01	8.70E-17		
3.00E+01	1.08E-16		
4.00E+01	1.32E-16		
6.00E+01	1.52E-16		
8.00E+01	1.58E-16		
1.00E+02	1.55E-16		
1.50E+02	1.42E-16		
2.00E+02	1.31E-16		
2.50E+02	1.22E-16		
3.00E+02	1.10E-16		
4.00E+02	9.26E-17		
------------------------------------------------------------

IONIZATION
O2 -> O2+
21.0 	//threshold_energy
//O2->O+_O[3P]_ionization_21.0__Правка!!!!
------------------------------------------------------------
2.10E+01	0.00E+00		
2.20E+01	1.00E-18
2.30E+01	2.50E-18
2.40E+01	4.00E-18
2.50E+01	5.50E-18
2.60E+01	6.50E-18
2.80E+01	8.50E-18
3.00E+01	1.10E-17
3.50E+01	2.20E-17
4.00E+01	2.80E-17
4.50E+01	3.60E-17
5.00E+01	4.40E-17
5.50E+01	5.00E-17
6.00E+01	5.60E-17
6.50E+01	6.30E-17
7.00E+01	6.90E-17
7.50E+01	7.40E-17
8.00E+01	7.80E-17
8.50E+01	8.10E-17
9.00E+01	8.50E-17
9.50E+01	8.90E-17
1.00E+02	9.20E-17
1.05E+02	9.60E-17
1.10E+02	9.80E-17
1.20E+02	1.00E-16
1.30E+02	1.01E-16
1.50E+02	1.01E-16
1.70E+02	9.80E-17
2.00E+02	9.50E-17
2.30E+02	9.00E-17
2.60E+02	8.50E-17
3.00E+02	8.00E-17
3.30E+02	7.50E-17
3.60E+02	7.10E-17		
4.00E+02	6.50E-17		
4.50E+02	6.10E-17		
------------------------------------------------------------

END

ELASTIC
O2[a]
1.950e-5	//mass_ratio
//Elastic
------------------------------------------------------------
0.00E+00	4.00E-16						
1.10E-01	4.80E-16						
1.20E-01	5.10E-16						
1.50E-01	5.70E-16						
2.00E-01	6.20E-16						
2.20E-01	5.00E-16						
2.50E-01	4.20E-16						
3.00E-01	4.60E-16						
4.00E-01	5.30E-16						
5.00E-01	5.70E-16						
6.00E-01	6.00E-16						
6.50E-01	6.10E-16
7.00E-01	6.00E-16
8.00E-01	5.90E-16
1.00E+00	5.90E-16
1.20E+00	5.90E-16
1.60E+00	6.00E-16
2.00E+00	6.00E-16
2.50E+00	6.20E-16
3.00E+00	6.50E-16
4.00E+00	6.80E-16
5.00E+00	7.10E-16
6.00E+00	7.50E-16
7.00E+00	8.00E-16
8.00E+00	8.60E-16
9.00E+00	9.00E-16
1.00E+01	9.20E-16
1.20E+01	9.00E-16	
1.50E+01	8.50E-16	
2.00E+01	7.50E-16	
2.50E+01	7.00E-16	
3.00E+01	6.50E-16	
4.00E+01	6.00E-16	
5.00E+01	5.60E-16	
6.00E+01	5.30E-16	
7.00E+01	5.10E-16	
1.00E+02	5.10E-16	
------------------------------------------------------------

ELASTIC
O2[b]
1.950e-5	//mass_ratio
//Elastic
------------------------------------------------------------
0.00E+00	4.00E-16						
1.10E-01	4.80E-16						
1.20E-01	5.10E-16						
1.50E-01	5.70E-16						
2.00E-01	6.20E-16						
2.20E-01	5.00E-16						
2.50E-01	4.20E-16						
3.00E-01	4.60E-16						
4.00E-01	5.30E-16						
5.00E-01	5.70E-16						
6.00E-01	6.00E-16						
6.50E-01	6.10E-16
7.00E-01	6.00E-16
8.00E-01	5.90E-16
1.00E+00	5.90E-16
1.20E+00	5.90E-16
1.60E+00	6.00E-16
2.00E+00	6.00E-16
2.50E+00	6.20E-16
3.00E+00	6.50E-16
4.00E+00	6.80E-16
5.00E+00	7.10E-16
6.00E+00	7.50E-16
7.00E+00	8.00E-16
8.00E+00	8.60E-16
9.00E+00	9.00E-16
1.00E+01	9.20E-16
1.20E+01	9.00E-16	
1.50E+01	8.50E-16	
2.00E+01	7.50E-16	
2.50E+01	7.00E-16	
3.00E+01	6.50E-16	
4.00E+01	6.00E-16	
5.00E+01	5.60E-16	
6.00E+01	5.30E-16	
7.00E+01	5.10E-16	
1.00E+02	5.10E-16	
------------------------------------------------------------

ELASTIC
O
1.950e-5	//mass_ratio
//Elastic
------------------------------------------------------------
0.00E+00	4.00E-16						
1.10E-01	4.80E-16						
1.20E-01	5.10E-16						
1.50E-01	5.70E-16						
2.00E-01	6.20E-16						
2.20E-01	5.00E-16						
2.50E-01	4.20E-16						
3.00E-01	4.60E-16						
4.00E-01	5.30E-16						
5.00E-01	5.70E-16						
6.00E-01	6.00E-16						
6.50E-01	6.10E-16
7.00E-01	6.00E-16
8.00E-01	5.90E-16
1.00E+00	5.90E-16
1.20E+00	5.90E-16
1.60E+00	6.00E-16
2.00E+00	6.00E-16
2.50E+00	6.20E-16
3.00E+00	6.50E-16
4.00E+00	6.80E-16
5.00E+00	7.10E-16
6.00E+00	7.50E-16
7.00E+00	8.00E-16
8.00E+00	8.60E-16
9.00E+00	9.00E-16
1.00E+01	9.20E-16
1.20E+01	9.00E-16	
1.50E+01	8.50E-16	
2.00E+01	7.50E-16	
2.50E+01	7.00E-16	
3.00E+01	6.50E-16	
4.00E+01	6.00E-16	
5.00E+01	5.60E-16	
6.00E+01	5.30E-16	
7.00E+01	5.10E-16	
1.00E+02	5.10E-16	
------------------------------------------------------------

ROTATION
O2 -> O2
2.1 //threshold_energy
//N2_rotational_excitation
------------------------------------------------------------
1.07E-03	2.40E-17			
1.00E+00	5.20E-17			
2.00E+00	8.00E-17			
3.00E+00	1.14E-16			
4.00E+00	1.54E-16			
5.00E+00	1.90E-16			
6.00E+00	2.28E-16			
7.00E+00	2.62E-16			
8.00E+00	2.98E-16			
9.00E+00	3.26E-16
1.00E+01	3.50E-16
1.10E+01	3.66E-16
1.20E+01	3.78E-16
1.30E+01	3.80E-16
1.40E+01	3.70E-16
1.50E+01	3.50E-16
1.60E+01	3.40E-16
1.70E+01	3.24E-16
1.80E+01	3.20E-16
1.90E+01	2.96E-16
2.00E+01	2.82E-16
2.10E+01	2.70E-16
2.20E+01	2.60E-16
2.30E+01	2.54E-16
2.40E+01	2.46E-16
2.50E+01	2.38E-16		
1.00E+02	0.00E+00		
------------------------------------------------------------

ROTATION
O2[a] -> O2[a]
2.1 //threshold_energy
//N2_rotational_excitation
------------------------------------------------------------
1.07E-03	2.40E-17			
1.00E+00	5.20E-17			
2.00E+00	8.00E-17			
3.00E+00	1.14E-16			
4.00E+00	1.54E-16			
5.00E+00	1.90E-16			
6.00E+00	2.28E-16			
7.00E+00	2.62E-16			
8.00E+00	2.98E-16			
9.00E+00	3.26E-16
1.00E+01	3.50E-16
1.10E+01	3.66E-16
1.20E+01	3.78E-16
1.30E+01	3.80E-16
1.40E+01	3.70E-16
1.50E+01	3.50E-16
1.60E+01	3.40E-16
1.70E+01	3.24E-16
1.80E+01	3.20E-16
1.90E+01	2.96E-16
2.00E+01	2.82E-16
2.10E+01	2.70E-16
2.20E+01	2.60E-16
2.30E+01	2.54E-16
2.40E+01	2.46E-16
2.50E+01	2.38E-16		
1.00E+02	0.00E+00		
------------------------------------------------------------


DISSATTACHMENT
O3 -> O- O2
6.17 //threshold_energy
//O3+e==>O-_+O2_Process
------------------------------------------------------------
7.35E+00	0.00E+00
7.46E+00	9.00E-19
8.06E+00	1.40E-17
9.34E+00	3.70E-17
1.05E+01	6.00E-17
1.10E+01	6.30E-17
1.20E+01	6.00E-17
1.26E+01	5.20E-17
1.36E+01	4.50E-17
1.47E+01	4.00E-17
1.70E+01	3.30E-17
2.08E+01	2.80E-17
2.35E+01	2.50E-17
2.77E+01	2.15E-17
3.20E+01	1.70E-17
3.58E+01	1.40E-17
4.00E+01	1.20E-17
5.00E+01	7.00E-18
------------------------------------------------------------
