r,cm	e	O+	O2+	O3+	O4+	O-	O2-	O3-	O4-	O2[a]	O2[b]	O2[Hz]	O	O[1D]	O[1S]	O3	O2	Charge
0.001	1.61e-032	1.61e-032	1.61e-032	1.61e-032	1.61e-032	1.61e-032	1.61e-032	1.61e-032	1.61e-032	1.11e+013	1.30e+012	6.38e+006	3.58e+013	3.72e+002	9.28e+004	1.91e+013	1.61e+018	1.61e-032
0.005	1.47e+002	5.41e-001	9.92e+004	1.97e-033	5.25e+008	2.23e+006	5.52e+007	8.18e+008	1.91e-033	1.12e+013	2.85e+012	8.23e+007	3.63e+013	4.84e+003	1.21e+006	1.91e+013	1.61e+018	3.50e+008
0.010	3.61e+002	5.00e-001	9.10e+004	9.88e-035	6.17e+008	2.44e+006	5.22e+007	8.57e+008	9.62e-035	1.15e+013	4.94e+012	1.14e+008	3.76e+013	1.14e+004	1.76e+006	1.95e+013	1.61e+018	2.95e+008
0.015	6.63e+002	7.99e-001	1.39e+005	3.36e-036	9.32e+008	3.47e+006	6.76e+007	1.13e+009	3.32e-036	1.20e+013	7.06e+012	1.66e+008	3.95e+013	2.61e+004	2.63e+006	2.02e+013	1.61e+018	2.71e+008
0.020	1.16e+003	1.34e+000	2.17e+005	8.60e-038	1.40e+009	4.92e+006	9.40e+007	1.52e+009	8.67e-038	1.28e+013	9.24e+012	2.40e+008	4.19e+013	5.54e+004	3.96e+006	2.12e+013	1.61e+018	2.28e+008
0.025	1.99e+003	2.22e+000	3.31e+005	1.77e-039	1.98e+009	6.77e+006	1.27e+008	2.00e+009	1.82e-039	1.38e+013	1.15e+013	3.37e+008	4.50e+013	1.10e+005	5.84e+006	2.25e+013	1.61e+018	1.52e+008
0.030	3.44e+003	3.61e+000	4.89e+005	3.04e-041	2.68e+009	9.09e+006	1.69e+008	2.55e+009	3.19e-041	1.50e+013	1.38e+013	4.62e+008	4.87e+013	2.05e+005	8.41e+006	2.42e+013	1.61e+018	5.47e+007
0.035	5.98e+003	5.72e+000	7.02e+005	4.48e-043	3.49e+009	1.20e+007	2.22e+008	3.20e+009	4.81e-043	1.65e+013	1.62e+013	6.19e+008	5.29e+013	3.62e+005	1.18e+007	2.62e+013	1.61e+018	5.81e+007
0.040	1.03e+004	8.86e+000	9.83e+005	5.78e-045	4.41e+009	1.55e+007	2.86e+008	3.93e+009	6.35e-045	1.82e+013	1.87e+013	8.15e+008	5.79e+013	6.07e+005	1.62e+007	2.84e+013	1.61e+018	1.82e+008
0.045	1.76e+004	1.34e+001	1.34e+006	6.64e-047	5.46e+009	1.99e+007	3.62e+008	4.77e+009	7.46e-047	2.02e+013	2.13e+013	1.06e+009	6.34e+013	9.71e+005	2.18e+007	3.10e+013	1.61e+018	3.15e+008
0.050	2.94e+004	1.98e+001	1.79e+006	6.86e-049	6.63e+009	2.51e+007	4.50e+008	5.70e+009	7.89e-049	2.23e+013	2.40e+013	1.35e+009	6.95e+013	1.49e+006	2.88e+007	3.38e+013	1.61e+018	4.54e+008
0.055	4.77e+004	2.86e+001	2.34e+006	6.46e-051	7.91e+009	3.14e+007	5.55e+008	6.74e+009	7.58e-051	2.47e+013	2.68e+013	1.71e+009	7.63e+013	2.19e+006	3.72e+007	3.68e+013	1.61e+018	5.93e+008
0.060	7.51e+004	4.04e+001	3.01e+006	5.57e-053	9.32e+009	3.90e+007	6.77e+008	7.87e+009	6.68e-053	2.73e+013	2.96e+013	2.13e+009	8.36e+013	3.11e+006	4.74e+007	4.01e+013	1.61e+018	7.30e+008
0.065	1.14e+005	5.61e+001	3.81e+006	4.44e-055	1.08e+010	4.79e+007	8.19e+008	9.11e+009	5.44e-055	3.00e+013	3.26e+013	2.63e+009	9.15e+013	4.28e+006	5.95e+007	4.36e+013	1.61e+018	8.59e+008
0.070	1.69e+005	7.64e+001	4.74e+006	3.29e-057	1.24e+010	5.84e+007	9.85e+008	1.04e+010	4.11e-057	3.30e+013	3.56e+013	3.22e+009	1.00e+014	5.73e+006	7.36e+007	4.73e+013	1.61e+018	9.74e+008
0.075	2.43e+005	1.03e+002	5.83e+006	2.28e-059	1.41e+010	7.07e+007	1.18e+009	1.18e+010	2.90e-059	3.62e+013	3.86e+013	3.90e+009	1.09e+014	7.48e+006	9.00e+007	5.11e+013	1.61e+018	1.07e+009
0.080	3.39e+005	1.35e+002	7.08e+006	1.48e-061	1.59e+010	8.49e+007	1.40e+009	1.33e+010	1.92e-061	3.95e+013	4.17e+013	4.68e+009	1.19e+014	9.55e+006	1.09e+008	5.52e+013	1.60e+018	1.13e+009
0.085	4.61e+005	1.77e+002	8.52e+006	9.03e-064	1.77e+010	1.01e+008	1.64e+009	1.48e+010	1.19e-063	4.30e+013	4.49e+013	5.57e+009	1.29e+014	1.20e+007	1.30e+008	5.93e+013	1.60e+018	1.16e+009
0.090	6.12e+005	2.29e+002	1.02e+007	5.22e-066	1.96e+010	1.20e+008	1.91e+009	1.64e+010	7.02e-066	4.66e+013	4.81e+013	6.57e+009	1.40e+014	1.48e+007	1.54e+008	6.36e+013	1.60e+018	1.17e+009
0.095	7.97e+005	2.92e+002	1.20e+007	2.86e-068	2.15e+010	1.41e+008	2.20e+009	1.80e+010	3.91e-068	5.04e+013	5.13e+013	7.69e+009	1.51e+014	1.81e+007	1.82e+008	6.79e+013	1.60e+018	1.16e+009
0.100	1.02e+006	3.69e+002	1.41e+007	1.49e-070	2.34e+010	1.64e+008	2.51e+009	1.97e+010	2.07e-070	5.43e+013	5.44e+013	8.93e+009	1.62e+014	2.18e+007	2.12e+008	7.23e+013	1.60e+018	1.13e+009
0.105	1.28e+006	4.62e+002	1.65e+007	7.38e-073	2.54e+010	1.90e+008	2.84e+009	2.13e+010	1.05e-072	5.83e+013	5.76e+013	1.03e+010	1.74e+014	2.61e+007	2.45e+008	7.68e+013	1.60e+018	1.08e+009
0.110	1.59e+006	5.72e+002	1.90e+007	3.50e-075	2.73e+010	2.19e+008	3.18e+009	2.29e+010	5.04e-075	6.25e+013	6.08e+013	1.18e+010	1.87e+014	3.09e+007	2.82e+008	8.14e+013	1.60e+018	1.03e+009
0.115	1.95e+006	7.02e+002	2.18e+007	1.59e-077	2.93e+010	2.50e+008	3.54e+009	2.45e+010	2.32e-077	6.67e+013	6.39e+013	1.35e+010	2.00e+014	3.63e+007	3.22e+008	8.59e+013	1.60e+018	9.71e+008
0.120	2.37e+006	8.51e+002	2.49e+007	6.91e-080	3.12e+010	2.84e+008	3.92e+009	2.61e+010	1.03e-079	7.10e+013	6.69e+013	1.52e+010	2.13e+014	4.22e+007	3.65e+008	9.05e+013	1.60e+018	8.93e+008
0.125	2.84e+006	1.03e+003	2.83e+007	2.89e-082	3.31e+010	3.21e+008	4.32e+009	2.77e+010	4.35e-082	7.54e+013	6.99e+013	1.72e+010	2.26e+014	4.89e+007	4.12e+008	9.50e+013	1.60e+018	7.95e+008
0.130	3.38e+006	1.23e+003	3.19e+007	1.16e-084	3.50e+010	3.62e+008	4.74e+009	2.92e+010	1.78e-084	7.98e+013	7.29e+013	1.92e+010	2.40e+014	5.63e+007	4.62e+008	9.96e+013	1.60e+018	6.72e+008
0.135	3.98e+006	1.46e+003	3.58e+007	4.51e-087	3.68e+010	4.05e+008	5.16e+009	3.07e+010	6.99e-087	8.43e+013	7.58e+013	2.14e+010	2.54e+014	6.44e+007	5.15e+008	1.04e+014	1.60e+018	5.49e+008
0.140	4.64e+006	1.72e+003	4.00e+007	1.69e-089	3.86e+010	4.51e+008	5.58e+009	3.22e+010	2.65e-089	8.88e+013	7.86e+013	2.38e+010	2.69e+014	7.33e+007	5.72e+008	1.09e+014	1.60e+018	4.35e+008
0.145	5.38e+006	2.01e+003	4.45e+007	6.10e-092	4.04e+010	4.99e+008	6.00e+009	3.36e+010	9.72e-092	9.34e+013	8.14e+013	2.63e+010	2.83e+014	8.30e+007	6.33e+008	1.13e+014	1.60e+018	3.36e+008
0.150	6.19e+006	2.34e+003	4.92e+007	2.13e-094	4.21e+010	5.50e+008	6.40e+009	3.50e+010	3.44e-094	9.80e+013	8.41e+013	2.90e+010	2.98e+014	9.35e+007	6.97e+008	1.17e+014	1.60e+018	2.51e+008
0.155	7.06e+006	2.72e+003	5.43e+007	7.22e-097	4.38e+010	6.04e+008	6.81e+009	3.63e+010	1.18e-096	1.03e+014	8.67e+013	3.18e+010	3.13e+014	1.05e+008	7.65e+008	1.22e+014	1.60e+018	1.79e+008
0.160	8.01e+006	3.13e+003	5.97e+007	2.37e-099	4.55e+010	6.61e+008	7.20e+009	3.76e+010	3.93e-099	1.07e+014	8.93e+013	3.48e+010	3.28e+014	1.17e+008	8.36e+008	1.26e+014	1.60e+018	1.18e+008
0.165	9.03e+006	3.59e+003	6.55e+007	7.56e-102	4.72e+010	7.20e+008	7.60e+009	3.89e+010	1.27e-101	1.12e+014	9.18e+013	3.80e+010	3.43e+014	1.30e+008	9.12e+008	1.30e+014	1.59e+018	6.71e+007
0.170	1.01e+007	4.09e+003	7.15e+007	2.34e-104	4.89e+010	7.82e+008	7.98e+009	4.01e+010	3.98e-104	1.16e+014	9.42e+013	4.13e+010	3.58e+014	1.44e+008	9.91e+008	1.35e+014	1.59e+018	2.58e+007
0.175	1.13e+007	4.65e+003	7.80e+007	7.04e-107	5.05e+010	8.46e+008	8.37e+009	4.13e+010	1.21e-106	1.21e+014	9.66e+013	4.48e+010	3.74e+014	1.58e+008	1.08e+009	1.39e+014	1.59e+018	7.39e+006
0.180	1.25e+007	5.26e+003	8.48e+007	2.06e-109	5.21e+010	9.14e+008	8.75e+009	4.25e+010	3.60e-109	1.26e+014	9.90e+013	4.86e+010	3.89e+014	1.74e+008	1.16e+009	1.43e+014	1.59e+018	2.94e+007
0.185	1.38e+007	5.94e+003	9.20e+007	5.87e-112	5.37e+010	9.85e+008	9.13e+009	4.37e+010	1.04e-111	1.31e+014	1.01e+014	5.25e+010	4.05e+014	1.90e+008	1.26e+009	1.47e+014	1.59e+018	4.39e+007
0.190	1.52e+007	6.69e+003	9.97e+007	1.63e-114	5.53e+010	1.06e+009	9.51e+009	4.48e+010	2.92e-114	1.35e+014	1.04e+014	5.67e+010	4.21e+014	2.08e+008	1.35e+009	1.51e+014	1.59e+018	5.31e+007
0.195	1.66e+007	7.50e+003	1.08e+008	4.42e-117	5.69e+010	1.14e+009	9.89e+009	4.60e+010	8.01e-117	1.40e+014	1.06e+014	6.11e+010	4.37e+014	2.27e+008	1.46e+009	1.54e+014	1.59e+018	5.37e+007
0.200	1.82e+007	8.40e+003	1.16e+008	1.17e-119	5.85e+010	1.22e+009	1.03e+010	4.71e+010	2.14e-119	1.45e+014	1.08e+014	6.57e+010	4.53e+014	2.46e+008	1.57e+009	1.58e+014	1.59e+018	5.19e+007
0.205	1.98e+007	9.38e+003	1.26e+008	3.01e-122	6.00e+010	1.30e+009	1.07e+010	4.82e+010	5.60e-122	1.49e+014	1.10e+014	7.06e+010	4.69e+014	2.67e+008	1.68e+009	1.62e+014	1.59e+018	4.70e+007
0.210	2.15e+007	1.05e+004	1.35e+008	7.59e-125	6.16e+010	1.39e+009	1.10e+010	4.93e+010	1.43e-124	1.54e+014	1.12e+014	7.58e+010	4.86e+014	2.89e+008	1.80e+009	1.66e+014	1.59e+018	4.36e+007
0.215	2.33e+007	1.16e+004	1.46e+008	1.87e-127	6.32e+010	1.49e+009	1.14e+010	5.04e+010	3.56e-127	1.59e+014	1.14e+014	8.13e+010	5.02e+014	3.13e+008	1.93e+009	1.69e+014	1.59e+018	3.73e+007
0.220	2.52e+007	1.29e+004	1.57e+008	4.51e-130	6.48e+010	1.59e+009	1.18e+010	5.16e+010	8.69e-130	1.64e+014	1.16e+014	8.71e+010	5.19e+014	3.37e+008	2.06e+009	1.73e+014	1.59e+018	3.00e+007
0.225	2.72e+007	1.43e+004	1.68e+008	1.06e-132	6.64e+010	1.69e+009	1.22e+010	5.27e+010	2.07e-132	1.69e+014	1.19e+014	9.32e+010	5.36e+014	3.63e+008	2.21e+009	1.76e+014	1.59e+018	1.66e+007
0.230	2.94e+007	1.58e+004	1.81e+008	2.45e-135	6.81e+010	1.80e+009	1.27e+010	5.38e+010	4.85e-135	1.73e+014	1.21e+014	9.97e+010	5.53e+014	3.91e+008	2.35e+009	1.80e+014	1.59e+018	6.63e+006
0.235	3.16e+007	1.75e+004	1.94e+008	5.54e-138	6.97e+010	1.91e+009	1.31e+010	5.49e+010	1.11e-137	1.78e+014	1.23e+014	1.06e+011	5.70e+014	4.20e+008	2.51e+009	1.83e+014	1.59e+018	2.23e+006
0.240	3.40e+007	1.93e+004	2.07e+008	1.23e-140	7.13e+010	2.03e+009	1.35e+010	5.60e+010	2.49e-140	1.83e+014	1.25e+014	1.14e+011	5.88e+014	4.51e+008	2.68e+009	1.87e+014	1.58e+018	9.38e+006
0.245	3.65e+007	2.13e+004	2.22e+008	2.67e-143	7.30e+010	2.16e+009	1.39e+010	5.71e+010	5.46e-143	1.88e+014	1.27e+014	1.21e+011	6.05e+014	4.84e+008	2.85e+009	1.90e+014	1.58e+018	1.70e+007
0.250	3.92e+007	2.34e+004	2.37e+008	5.68e-146	7.47e+010	2.29e+009	1.43e+010	5.82e+010	1.18e-145	1.93e+014	1.29e+014	1.29e+011	6.23e+014	5.19e+008	3.03e+009	1.93e+014	1.58e+018	2.20e+007
0.255	4.20e+007	2.57e+004	2.54e+008	1.19e-148	7.64e+010	2.42e+009	1.48e+010	5.93e+010	2.49e-148	1.98e+014	1.31e+014	1.37e+011	6.41e+014	5.55e+008	3.22e+009	1.97e+014	1.58e+018	2.74e+007
0.260	4.49e+007	2.82e+004	2.71e+008	2.44e-151	7.81e+010	2.57e+009	1.52e+010	6.05e+010	5.17e-151	2.03e+014	1.33e+014	1.46e+011	6.59e+014	5.94e+008	3.42e+009	2.00e+014	1.58e+018	3.19e+007
0.265	4.81e+007	3.10e+004	2.89e+008	4.91e-154	7.98e+010	2.72e+009	1.57e+010	6.16e+010	1.05e-153	2.09e+014	1.35e+014	1.55e+011	6.78e+014	6.34e+008	3.63e+009	2.03e+014	1.58e+018	3.49e+007
0.270	5.14e+007	3.39e+004	3.08e+008	9.70e-157	8.15e+010	2.87e+009	1.61e+010	6.28e+010	2.11e-156	2.14e+014	1.37e+014	1.65e+011	6.97e+014	6.78e+008	3.85e+009	2.06e+014	1.58e+018	3.68e+007
0.275	5.48e+007	3.71e+004	3.29e+008	1.89e-159	8.33e+010	3.03e+009	1.66e+010	6.39e+010	4.14e-159	2.19e+014	1.40e+014	1.75e+011	7.16e+014	7.23e+008	4.08e+009	2.10e+014	1.58e+018	4.03e+007
0.280	5.85e+007	4.06e+004	3.50e+008	3.60e-162	8.51e+010	3.20e+009	1.71e+010	6.51e+010	8.00e-162	2.25e+014	1.42e+014	1.86e+011	7.35e+014	7.70e+008	4.32e+009	2.13e+014	1.58e+018	4.35e+007
0.285	6.24e+007	4.43e+004	3.73e+008	6.77e-165	8.69e+010	3.38e+009	1.75e+010	6.62e+010	1.52e-164	2.30e+014	1.44e+014	1.97e+011	7.55e+014	8.21e+008	4.57e+009	2.16e+014	1.58e+018	4.33e+007
0.290	6.65e+007	4.84e+004	3.96e+008	1.25e-167	8.87e+010	3.57e+009	1.80e+010	6.74e+010	2.84e-167	2.35e+014	1.46e+014	2.09e+011	7.74e+014	8.74e+008	4.84e+009	2.19e+014	1.58e+018	4.42e+007
0.295	7.07e+007	5.27e+004	4.21e+008	2.28e-170	9.05e+010	3.76e+009	1.85e+010	6.86e+010	5.22e-170	2.41e+014	1.48e+014	2.22e+011	7.95e+014	9.29e+008	5.11e+009	2.22e+014	1.58e+018	4.74e+007
0.300	7.52e+007	5.74e+004	4.48e+008	4.07e-173	9.24e+010	3.96e+009	1.90e+010	6.98e+010	9.45e-173	2.47e+014	1.51e+014	2.35e+011	8.15e+014	9.88e+008	5.40e+009	2.25e+014	1.58e+018	4.92e+007
0.305	8.00e+007	6.25e+004	4.76e+008	7.17e-176	9.43e+010	4.17e+009	1.95e+010	7.10e+010	1.68e-175	2.52e+014	1.53e+014	2.48e+011	8.36e+014	1.05e+009	5.70e+009	2.28e+014	1.58e+018	5.18e+007
0.310	8.49e+007	6.79e+004	5.05e+008	1.24e-178	9.62e+010	4.39e+009	2.00e+010	7.22e+010	2.95e-178	2.58e+014	1.55e+014	2.62e+011	8.57e+014	1.11e+009	6.02e+009	2.31e+014	1.57e+018	5.45e+007
0.315	9.02e+007	7.39e+004	5.36e+008	2.13e-181	9.81e+010	4.62e+009	2.05e+010	7.34e+010	5.09e-181	2.64e+014	1.58e+014	2.77e+011	8.78e+014	1.18e+009	6.34e+009	2.34e+014	1.57e+018	5.56e+007
0.320	9.56e+007	8.02e+004	5.69e+008	3.58e-184	1.00e+011	4.86e+009	2.10e+010	7.46e+010	8.67e-184	2.70e+014	1.60e+014	2.93e+011	9.00e+014	1.25e+009	6.69e+009	2.37e+014	1.57e+018	5.50e+007
0.325	1.01e+008	8.71e+004	6.03e+008	5.93e-187	1.02e+011	5.11e+009	2.15e+010	7.58e+010	1.45e-186	2.76e+014	1.63e+014	3.09e+011	9.22e+014	1.33e+009	7.05e+009	2.40e+014	1.57e+018	5.79e+007
0.330	1.07e+008	9.45e+004	6.39e+008	9.70e-190	1.04e+011	5.37e+009	2.20e+010	7.71e+010	2.40e-189	2.82e+014	1.65e+014	3.27e+011	9.44e+014	1.41e+009	7.42e+009	2.42e+014	1.57e+018	5.99e+007
0.335	1.14e+008	1.02e+005	6.77e+008	1.56e-192	1.06e+011	5.63e+009	2.26e+010	7.83e+010	3.91e-192	2.88e+014	1.68e+014	3.45e+011	9.67e+014	1.49e+009	7.81e+009	2.45e+014	1.57e+018	6.41e+007
0.340	1.20e+008	1.11e+005	7.17e+008	2.49e-195	1.08e+011	5.91e+009	2.31e+010	7.96e+010	6.28e-195	2.95e+014	1.70e+014	3.64e+011	9.90e+014	1.58e+009	8.22e+009	2.48e+014	1.57e+018	6.56e+007
0.345	1.27e+008	1.20e+005	7.60e+008	3.90e-198	1.10e+011	6.21e+009	2.37e+010	8.08e+010	9.95e-198	3.01e+014	1.73e+014	3.83e+011	1.01e+015	1.67e+009	8.65e+009	2.51e+014	1.57e+018	6.47e+007
0.350	1.34e+008	1.30e+005	8.04e+008	6.04e-201	1.12e+011	6.51e+009	2.42e+010	8.21e+010	1.56e-200	3.07e+014	1.76e+014	4.04e+011	1.04e+015	1.76e+009	9.09e+009	2.54e+014	1.57e+018	6.49e+007
0.355	1.42e+008	1.41e+005	8.51e+008	9.22e-204	1.14e+011	6.83e+009	2.48e+010	8.34e+010	2.40e-203	3.14e+014	1.79e+014	4.26e+011	1.06e+015	1.86e+009	9.55e+009	2.56e+014	1.57e+018	6.65e+007
0.360	1.50e+008	1.52e+005	9.00e+008	1.39e-206	1.17e+011	7.16e+009	2.53e+010	8.47e+010	3.65e-206	3.21e+014	1.81e+014	4.49e+011	1.09e+015	1.97e+009	1.00e+010	2.59e+014	1.57e+018	6.66e+007
0.365	1.58e+008	1.65e+005	9.52e+008	2.07e-209	1.19e+011	7.50e+009	2.59e+010	8.60e+010	5.49e-209	3.27e+014	1.84e+014	4.72e+011	1.11e+015	2.08e+009	1.05e+010	2.62e+014	1.56e+018	6.90e+007
0.370	1.67e+008	1.78e+005	1.01e+009	3.04e-212	1.21e+011	7.86e+009	2.65e+010	8.74e+010	8.14e-212	3.34e+014	1.87e+014	4.97e+011	1.14e+015	2.20e+009	1.11e+010	2.64e+014	1.56e+018	6.88e+007
0.375	1.76e+008	1.92e+005	1.06e+009	4.41e-215	1.23e+011	8.23e+009	2.70e+010	8.87e+010	1.19e-214	3.41e+014	1.90e+014	5.24e+011	1.16e+015	2.32e+009	1.16e+010	2.67e+014	1.56e+018	6.66e+007
0.380	1.86e+008	2.08e+005	1.12e+009	6.33e-218	1.25e+011	8.61e+009	2.76e+010	9.01e+010	1.73e-217	3.48e+014	1.93e+014	5.51e+011	1.19e+015	2.45e+009	1.22e+010	2.69e+014	1.56e+018	6.48e+007
0.385	1.96e+008	2.24e+005	1.19e+009	8.96e-221	1.28e+011	9.02e+009	2.82e+010	9.15e+010	2.47e-220	3.56e+014	1.96e+014	5.80e+011	1.22e+015	2.58e+009	1.28e+010	2.72e+014	1.56e+018	6.38e+007
0.390	2.07e+008	2.42e+005	1.26e+009	1.25e-223	1.30e+011	9.44e+009	2.88e+010	9.28e+010	3.48e-223	3.63e+014	2.00e+014	6.10e+011	1.24e+015	2.73e+009	1.34e+010	2.74e+014	1.56e+018	6.12e+007
0.395	2.18e+008	2.62e+005	1.33e+009	1.74e-226	1.33e+011	9.88e+009	2.95e+010	9.43e+010	4.86e-226	3.70e+014	2.03e+014	6.42e+011	1.27e+015	2.88e+009	1.41e+010	2.77e+014	1.56e+018	6.16e+007
0.400	2.29e+008	2.82e+005	1.40e+009	2.37e-229	1.35e+011	1.03e+010	3.01e+010	9.57e+010	6.71e-229	3.78e+014	2.06e+014	6.75e+011	1.30e+015	3.03e+009	1.48e+010	2.79e+014	1.56e+018	6.09e+007
0.405	2.41e+008	3.05e+005	1.48e+009	3.21e-232	1.37e+011	1.08e+010	3.07e+010	9.71e+010	9.16e-232	3.86e+014	2.10e+014	7.10e+011	1.33e+015	3.20e+009	1.55e+010	2.82e+014	1.56e+018	6.30e+007
0.410	2.54e+008	3.29e+005	1.56e+009	4.30e-235	1.40e+011	1.13e+010	3.13e+010	9.86e+010	1.24e-234	3.94e+014	2.14e+014	7.46e+011	1.36e+015	3.37e+009	1.62e+010	2.84e+014	1.56e+018	6.10e+007
0.415	2.67e+008	3.55e+005	1.65e+009	5.68e-238	1.43e+011	1.18e+010	3.20e+010	1.00e+011	1.65e-237	4.02e+014	2.17e+014	7.85e+011	1.39e+015	3.56e+009	1.70e+010	2.87e+014	1.55e+018	5.85e+007
0.420	2.81e+008	3.84e+005	1.74e+009	7.44e-241	1.45e+011	1.24e+010	3.27e+010	1.02e+011	2.17e-240	4.10e+014	2.21e+014	8.25e+011	1.42e+015	3.75e+009	1.79e+010	2.89e+014	1.55e+018	6.14e+007
0.425	2.96e+008	4.14e+005	1.84e+009	9.63e-244	1.48e+011	1.29e+010	3.33e+010	1.03e+011	2.84e-243	4.19e+014	2.25e+014	8.68e+011	1.45e+015	3.95e+009	1.87e+010	2.91e+014	1.55e+018	6.28e+007
0.430	3.11e+008	4.47e+005	1.95e+009	1.23e-246	1.51e+011	1.35e+010	3.40e+010	1.05e+011	3.66e-246	4.27e+014	2.29e+014	9.13e+011	1.49e+015	4.17e+009	1.96e+010	2.94e+014	1.55e+018	6.49e+007
0.435	3.28e+008	4.83e+005	2.06e+009	1.56e-249	1.53e+011	1.41e+010	3.47e+010	1.06e+011	4.68e-249	4.36e+014	2.33e+014	9.60e+011	1.52e+015	4.39e+009	2.06e+010	2.96e+014	1.55e+018	6.92e+007
0.440	3.44e+008	5.22e+005	2.17e+009	1.96e-252	1.56e+011	1.48e+010	3.54e+010	1.08e+011	5.92e-252	4.45e+014	2.38e+014	1.01e+012	1.56e+015	4.63e+009	2.16e+010	2.98e+014	1.55e+018	7.29e+007
0.445	3.62e+008	5.63e+005	2.30e+009	2.44e-255	1.59e+011	1.55e+010	3.61e+010	1.09e+011	7.41e-255	4.54e+014	2.42e+014	1.06e+012	1.59e+015	4.88e+009	2.26e+010	3.00e+014	1.55e+018	7.41e+007
0.450	3.81e+008	6.09e+005	2.43e+009	3.00e-258	1.62e+011	1.62e+010	3.69e+010	1.11e+011	9.19e-258	4.64e+014	2.47e+014	1.12e+012	1.63e+015	5.15e+009	2.37e+010	3.03e+014	1.55e+018	7.09e+007
0.455	4.01e+008	6.59e+005	2.57e+009	3.66e-261	1.65e+011	1.69e+010	3.76e+010	1.13e+011	1.13e-260	4.74e+014	2.52e+014	1.18e+012	1.67e+015	5.43e+009	2.48e+010	3.05e+014	1.54e+018	7.73e+007
0.460	4.21e+008	7.12e+005	2.72e+009	4.42e-264	1.68e+011	1.77e+010	3.84e+010	1.14e+011	1.37e-263	4.84e+014	2.57e+014	1.24e+012	1.70e+015	5.73e+009	2.60e+010	3.07e+014	1.54e+018	8.10e+007
0.465	4.43e+008	7.71e+005	2.88e+009	5.29e-267	1.72e+011	1.85e+010	3.92e+010	1.16e+011	1.65e-266	4.94e+014	2.62e+014	1.30e+012	1.74e+015	6.05e+009	2.73e+010	3.09e+014	1.54e+018	8.47e+007
0.470	4.66e+008	8.36e+005	3.05e+009	6.26e-270	1.75e+011	1.94e+010	4.00e+010	1.18e+011	1.97e-269	5.05e+014	2.67e+014	1.37e+012	1.78e+015	6.38e+009	2.87e+010	3.11e+014	1.54e+018	8.21e+007
0.475	4.90e+008	9.07e+005	3.23e+009	7.36e-273	1.78e+011	2.03e+010	4.08e+010	1.20e+011	2.32e-272	5.16e+014	2.73e+014	1.45e+012	1.83e+015	6.74e+009	3.01e+010	3.13e+014	1.54e+018	8.12e+007
0.480	5.15e+008	9.85e+005	3.43e+009	8.56e-276	1.82e+011	2.13e+010	4.16e+010	1.22e+011	2.72e-275	5.28e+014	2.79e+014	1.53e+012	1.87e+015	7.12e+009	3.16e+010	3.15e+014	1.54e+018	7.30e+007
0.485	5.42e+008	1.07e+006	3.64e+009	8.03e-277	1.86e+011	2.24e+010	4.25e+010	1.24e+011	2.62e-277	5.39e+014	2.86e+014	1.62e+012	1.92e+015	7.53e+009	3.33e+010	3.17e+014	1.54e+018	6.05e+007
0.490	5.70e+008	1.17e+006	3.87e+009	7.98e-274	1.89e+011	2.35e+010	4.34e+010	1.26e+011	2.19e-274	5.52e+014	2.92e+014	1.71e+012	1.97e+015	7.97e+009	3.50e+010	3.19e+014	1.53e+018	4.07e+007
0.495	6.00e+008	1.27e+006	4.13e+009	7.93e-271	1.93e+011	2.47e+010	4.43e+010	1.28e+011	2.06e-271	5.65e+014	2.99e+014	1.81e+012	2.01e+015	8.45e+009	3.69e+010	3.21e+014	1.53e+018	1.66e+007
0.500	6.32e+008	1.39e+006	4.40e+009	7.81e-268	1.98e+011	2.60e+010	4.53e+010	1.30e+011	1.92e-268	5.78e+014	3.07e+014	1.92e+012	2.07e+015	8.97e+009	3.90e+010	3.22e+014	1.53e+018	2.02e+007
0.505	6.65e+008	1.53e+006	4.71e+009	7.60e-265	2.02e+011	2.74e+010	4.62e+010	1.32e+011	1.77e-265	5.92e+014	3.15e+014	2.04e+012	2.12e+015	9.53e+009	4.12e+010	3.24e+014	1.53e+018	6.14e+007
0.510	7.00e+008	1.68e+006	5.04e+009	7.32e-262	2.06e+011	2.89e+010	4.73e+010	1.35e+011	1.61e-262	6.07e+014	3.23e+014	2.17e+012	2.18e+015	1.01e+010	4.36e+010	3.26e+014	1.53e+018	1.15e+008
0.515	7.38e+008	1.85e+006	5.41e+009	6.97e-259	2.11e+011	3.05e+010	4.83e+010	1.37e+011	1.45e-259	6.22e+014	3.32e+014	2.32e+012	2.24e+015	1.08e+010	4.63e+010	3.28e+014	1.53e+018	1.77e+008
0.520	7.78e+008	2.05e+006	5.83e+009	6.56e-256	2.16e+011	3.22e+010	4.94e+010	1.40e+011	1.29e-256	6.38e+014	3.42e+014	2.48e+012	2.30e+015	1.16e+010	4.93e+010	3.29e+014	1.52e+018	2.35e+008
0.525	8.21e+008	2.28e+006	6.29e+009	6.11e-253	2.21e+011	3.41e+010	5.06e+010	1.42e+011	1.14e-253	6.55e+014	3.52e+014	2.66e+012	2.36e+015	1.24e+010	5.26e+010	3.31e+014	1.52e+018	2.99e+008
0.530	8.66e+008	2.55e+006	6.82e+009	5.62e-250	2.27e+011	3.62e+010	5.17e+010	1.45e+011	9.89e-251	6.73e+014	3.63e+014	2.85e+012	2.43e+015	1.33e+010	5.62e+010	3.32e+014	1.52e+018	3.51e+008
0.535	9.16e+008	2.86e+006	7.40e+009	5.10e-247	2.32e+011	3.84e+010	5.30e+010	1.48e+011	8.50e-248	6.92e+014	3.75e+014	3.07e+012	2.51e+015	1.44e+010	6.02e+010	3.33e+014	1.52e+018	3.93e+008
0.540	9.69e+008	3.23e+006	8.07e+009	4.58e-244	2.38e+011	4.09e+010	5.43e+010	1.51e+011	7.21e-245	7.12e+014	3.87e+014	3.30e+012	2.58e+015	1.55e+010	6.47e+010	3.35e+014	1.51e+018	4.21e+008
0.545	1.03e+009	3.65e+006	8.81e+009	4.06e-241	2.45e+011	4.36e+010	5.56e+010	1.54e+011	6.05e-242	7.33e+014	4.01e+014	3.57e+012	2.66e+015	1.68e+010	6.96e+010	3.36e+014	1.51e+018	4.09e+008
0.550	1.09e+009	4.13e+006	9.65e+009	3.55e-238	2.52e+011	4.65e+010	5.70e+010	1.57e+011	5.01e-239	7.55e+014	4.15e+014	3.86e+012	2.75e+015	1.83e+010	7.50e+010	3.37e+014	1.51e+018	3.73e+008
0.555	1.16e+009	4.70e+006	1.06e+010	3.06e-235	2.59e+011	4.96e+010	5.85e+010	1.61e+011	4.09e-236	7.78e+014	4.31e+014	4.18e+012	2.84e+015	1.99e+010	8.09e+010	3.37e+014	1.51e+018	2.90e+008
0.560	1.24e+009	5.37e+006	1.16e+010	2.61e-232	2.67e+011	5.31e+010	6.00e+010	1.64e+011	3.30e-233	8.03e+014	4.47e+014	4.54e+012	2.93e+015	2.16e+010	8.73e+010	3.38e+014	1.50e+018	1.42e+008
0.565	1.33e+009	6.12e+006	1.28e+010	2.19e-229	2.75e+011	5.68e+010	6.16e+010	1.68e+011	2.63e-230	8.29e+014	4.65e+014	4.92e+012	3.03e+015	2.35e+010	9.42e+010	3.39e+014	1.50e+018	5.58e+007
0.570	1.43e+009	7.02e+006	1.41e+010	1.81e-226	2.83e+011	6.08e+010	6.33e+010	1.72e+011	2.06e-227	8.56e+014	4.84e+014	5.35e+012	3.13e+015	2.55e+010	1.02e+011	3.39e+014	1.50e+018	3.15e+008
0.575	1.54e+009	8.01e+006	1.55e+010	1.48e-223	2.92e+011	6.52e+010	6.50e+010	1.76e+011	1.60e-224	8.85e+014	5.04e+014	5.81e+012	3.24e+015	2.77e+010	1.10e+011	3.39e+014	1.49e+018	6.34e+008
0.580	1.66e+009	9.14e+006	1.71e+010	1.19e-220	3.02e+011	6.98e+010	6.67e+010	1.80e+011	1.22e-221	9.15e+014	5.25e+014	6.32e+012	3.35e+015	3.00e+010	1.18e+011	3.39e+014	1.49e+018	1.01e+009
0.585	1.81e+009	1.04e+007	1.88e+010	9.42e-218	3.12e+011	7.49e+010	6.86e+010	1.84e+011	9.19e-219	9.47e+014	5.48e+014	6.86e+012	3.47e+015	3.24e+010	1.27e+011	3.39e+014	1.48e+018	1.41e+009
0.590	1.97e+009	1.18e+007	2.05e+010	7.34e-215	3.22e+011	8.02e+010	7.05e+010	1.88e+011	6.82e-216	9.80e+014	5.72e+014	7.44e+012	3.59e+015	3.50e+010	1.36e+011	3.39e+014	1.48e+018	1.81e+009
0.595	2.15e+009	1.33e+007	2.24e+010	5.63e-212	3.33e+011	8.59e+010	7.24e+010	1.92e+011	4.99e-213	1.01e+015	5.97e+014	8.07e+012	3.72e+015	3.75e+010	1.45e+011	3.38e+014	1.48e+018	2.22e+009
0.600	2.35e+009	1.50e+007	2.44e+010	4.25e-209	3.43e+011	9.18e+010	7.44e+010	1.97e+011	3.59e-210	1.05e+015	6.23e+014	8.73e+012	3.85e+015	4.01e+010	1.54e+011	3.37e+014	1.47e+018	2.61e+009
0.605	2.58e+009	1.68e+007	2.65e+010	3.15e-206	3.55e+011	9.81e+010	7.64e+010	2.01e+011	2.55e-207	1.09e+015	6.50e+014	9.42e+012	3.99e+015	4.27e+010	1.63e+011	3.36e+014	1.47e+018	2.97e+009
0.610	2.85e+009	1.86e+007	2.86e+010	2.30e-203	3.66e+011	1.05e+011	7.85e+010	2.05e+011	1.78e-204	1.12e+015	6.77e+014	1.01e+013	4.12e+015	4.53e+010	1.72e+011	3.35e+014	1.46e+018	3.30e+009
0.615	3.15e+009	2.07e+007	3.08e+010	1.64e-200	3.77e+011	1.11e+011	8.06e+010	2.10e+011	1.22e-201	1.16e+015	7.06e+014	1.09e+013	4.26e+015	4.79e+010	1.80e+011	3.34e+014	1.46e+018	3.61e+009
0.620	3.48e+009	2.28e+007	3.31e+010	1.16e-197	3.89e+011	1.18e+011	8.26e+010	2.14e+011	8.27e-199	1.20e+015	7.35e+014	1.17e+013	4.41e+015	5.03e+010	1.89e+011	3.32e+014	1.45e+018	3.89e+009
0.625	3.84e+009	2.49e+007	3.53e+010	7.99e-195	4.00e+011	1.25e+011	8.47e+010	2.18e+011	5.51e-196	1.24e+015	7.65e+014	1.25e+013	4.55e+015	5.26e+010	1.96e+011	3.31e+014	1.45e+018	4.13e+009
0.630	4.24e+009	2.72e+007	3.75e+010	5.42e-192	4.12e+011	1.33e+011	8.67e+010	2.22e+011	3.60e-193	1.29e+015	7.95e+014	1.33e+013	4.69e+015	5.47e+010	2.04e+011	3.29e+014	1.44e+018	4.31e+009
0.635	4.67e+009	2.95e+007	3.98e+010	3.60e-189	4.23e+011	1.40e+011	8.87e+010	2.26e+011	2.32e-190	1.33e+015	8.26e+014	1.41e+013	4.84e+015	5.66e+010	2.10e+011	3.27e+014	1.44e+018	4.49e+009
0.640	5.15e+009	3.18e+007	4.20e+010	2.35e-186	4.35e+011	1.47e+011	9.07e+010	2.29e+011	1.47e-187	1.37e+015	8.56e+014	1.49e+013	4.98e+015	5.83e+010	2.16e+011	3.25e+014	1.43e+018	4.60e+009
0.645	5.65e+009	3.40e+007	4.42e+010	1.50e-183	4.46e+011	1.55e+011	9.26e+010	2.33e+011	9.15e-185	1.41e+015	8.86e+014	1.57e+013	5.12e+015	5.97e+010	2.21e+011	3.23e+014	1.43e+018	4.66e+009
0.650	6.21e+009	3.62e+007	4.63e+010	9.44e-181	4.57e+011	1.62e+011	9.44e+010	2.36e+011	5.60e-182	1.45e+015	9.16e+014	1.65e+013	5.27e+015	6.08e+010	2.26e+011	3.21e+014	1.42e+018	4.66e+009
0.655	6.82e+009	3.84e+007	4.83e+010	5.80e-178	4.67e+011	1.69e+011	9.62e+010	2.39e+011	3.37e-179	1.49e+015	9.46e+014	1.73e+013	5.40e+015	6.17e+010	2.29e+011	3.18e+014	1.42e+018	4.63e+009
0.660	7.40e+009	4.05e+007	5.02e+010	3.50e-175	4.77e+011	1.76e+011	9.79e+010	2.42e+011	1.99e-176	1.53e+015	9.75e+014	1.81e+013	5.54e+015	6.21e+010	2.32e+011	3.16e+014	1.42e+018	4.58e+009
0.665	8.01e+009	4.26e+007	5.21e+010	2.06e-172	4.87e+011	1.83e+011	9.95e+010	2.44e+011	1.16e-173	1.57e+015	1.00e+015	1.89e+013	5.67e+015	6.24e+010	2.34e+011	3.14e+014	1.41e+018	4.49e+009
0.670	8.69e+009	4.45e+007	5.39e+010	1.19e-169	4.96e+011	1.90e+011	1.01e+011	2.47e+011	6.61e-171	1.61e+015	1.03e+015	1.96e+013	5.79e+015	6.23e+010	2.35e+011	3.12e+014	1.41e+018	4.35e+009
0.675	9.37e+009	4.63e+007	5.55e+010	6.75e-167	5.05e+011	1.96e+011	1.02e+011	2.49e+011	3.71e-168	1.65e+015	1.06e+015	2.03e+013	5.91e+015	6.21e+010	2.36e+011	3.09e+014	1.40e+018	4.21e+009
0.680	1.00e+010	4.81e+007	5.71e+010	3.74e-164	5.14e+011	2.02e+011	1.04e+011	2.51e+011	2.05e-165	1.69e+015	1.08e+015	2.10e+013	6.03e+015	6.17e+010	2.36e+011	3.07e+014	1.40e+018	4.09e+009
0.685	1.07e+010	4.95e+007	5.86e+010	2.03e-161	5.22e+011	2.08e+011	1.05e+011	2.53e+011	1.11e-162	1.72e+015	1.10e+015	2.17e+013	6.14e+015	6.11e+010	2.35e+011	3.05e+014	1.39e+018	3.94e+009
0.690	1.14e+010	5.07e+007	5.98e+010	1.08e-158	5.29e+011	2.14e+011	1.06e+011	2.54e+011	5.90e-160	1.76e+015	1.13e+015	2.23e+013	6.24e+015	6.05e+010	2.34e+011	3.03e+014	1.39e+018	3.63e+009
0.695	1.20e+010	5.21e+007	6.11e+010	5.62e-156	5.36e+011	2.19e+011	1.07e+011	2.56e+011	3.08e-157	1.79e+015	1.15e+015	2.28e+013	6.33e+015	5.99e+010	2.33e+011	3.01e+014	1.39e+018	3.44e+009
0.700	1.27e+010	5.32e+007	6.22e+010	2.86e-153	5.43e+011	2.24e+011	1.08e+011	2.57e+011	1.58e-154	1.82e+015	1.17e+015	2.33e+013	6.42e+015	5.92e+010	2.31e+011	2.99e+014	1.38e+018	3.24e+009
0.705	1.33e+010	5.41e+007	6.32e+010	1.42e-150	5.49e+011	2.29e+011	1.09e+011	2.58e+011	8.00e-152	1.85e+015	1.19e+015	2.38e+013	6.50e+015	5.86e+010	2.29e+011	2.97e+014	1.38e+018	3.00e+009
0.710	1.38e+010	5.49e+007	6.40e+010	6.95e-148	5.54e+011	2.33e+011	1.10e+011	2.59e+011	3.97e-149	1.87e+015	1.20e+015	2.43e+013	6.57e+015	5.80e+010	2.26e+011	2.96e+014	1.38e+018	2.76e+009
0.715	1.44e+010	5.56e+007	6.48e+010	3.31e-145	5.59e+011	2.36e+011	1.11e+011	2.60e+011	1.93e-146	1.89e+015	1.22e+015	2.47e+013	6.64e+015	5.74e+010	2.24e+011	2.94e+014	1.38e+018	2.55e+009
0.720	1.49e+010	5.61e+007	6.54e+010	1.55e-142	5.64e+011	2.40e+011	1.11e+011	2.61e+011	9.26e-144	1.92e+015	1.23e+015	2.50e+013	6.69e+015	5.74e+010	2.22e+011	2.93e+014	1.37e+018	2.33e+009
0.725	1.53e+010	5.65e+007	6.60e+010	7.07e-140	5.68e+011	2.43e+011	1.12e+011	2.62e+011	4.36e-141	1.93e+015	1.24e+015	2.53e+013	6.74e+015	5.70e+010	2.20e+011	2.92e+014	1.37e+018	2.08e+009
0.730	1.57e+010	5.68e+007	6.64e+010	3.16e-137	5.71e+011	2.45e+011	1.12e+011	2.63e+011	2.02e-138	1.95e+015	1.25e+015	2.56e+013	6.78e+015	5.67e+010	2.18e+011	2.91e+014	1.37e+018	1.88e+009
0.735	1.60e+010	5.69e+007	6.67e+010	1.38e-134	5.73e+011	2.47e+011	1.13e+011	2.63e+011	9.16e-136	1.96e+015	1.26e+015	2.58e+013	6.81e+015	5.66e+010	2.15e+011	2.90e+014	1.37e+018	1.70e+009
0.740	1.63e+010	5.69e+007	6.69e+010	5.92e-132	5.76e+011	2.48e+011	1.13e+011	2.64e+011	4.09e-133	1.97e+015	1.26e+015	2.59e+013	6.83e+015	5.63e+010	2.14e+011	2.89e+014	1.37e+018	1.50e+009
0.745	1.66e+010	5.67e+007	6.69e+010	2.48e-129	5.77e+011	2.49e+011	1.13e+011	2.64e+011	1.79e-130	1.97e+015	1.27e+015	2.60e+013	6.84e+015	5.62e+010	2.12e+011	2.88e+014	1.37e+018	1.31e+009
0.750	1.67e+010	5.65e+007	6.69e+010	1.02e-126	5.78e+011	2.49e+011	1.13e+011	2.64e+011	7.74e-128	1.97e+015	1.27e+015	2.60e+013	6.84e+015	5.61e+010	2.10e+011	2.88e+014	1.37e+018	1.17e+009
0.755	1.69e+010	5.61e+007	6.68e+010	4.08e-124	5.78e+011	2.49e+011	1.13e+011	2.64e+011	3.28e-125	1.97e+015	1.27e+015	2.60e+013	6.83e+015	5.57e+010	2.09e+011	2.88e+014	1.37e+018	1.03e+009
0.760	1.69e+010	5.56e+007	6.65e+010	1.60e-121	5.78e+011	2.48e+011	1.13e+011	2.65e+011	1.37e-122	1.97e+015	1.26e+015	2.59e+013	6.81e+015	5.54e+010	2.08e+011	2.88e+014	1.37e+018	8.76e+008
0.765	1.69e+010	5.50e+007	6.61e+010	6.16e-119	5.76e+011	2.47e+011	1.13e+011	2.65e+011	5.59e-120	1.96e+015	1.26e+015	2.58e+013	6.77e+015	5.51e+010	2.07e+011	2.88e+014	1.37e+018	6.98e+008
0.770	1.69e+010	5.41e+007	6.56e+010	2.32e-116	5.74e+011	2.45e+011	1.13e+011	2.65e+011	2.25e-117	1.94e+015	1.25e+015	2.56e+013	6.73e+015	5.46e+010	2.07e+011	2.89e+014	1.37e+018	4.93e+008
0.775	1.68e+010	5.31e+007	6.49e+010	8.53e-114	5.72e+011	2.42e+011	1.13e+011	2.65e+011	8.89e-115	1.92e+015	1.24e+015	2.53e+013	6.67e+015	5.40e+010	2.06e+011	2.90e+014	1.37e+018	3.25e+008
0.780	1.67e+010	5.20e+007	6.42e+010	3.08e-111	5.69e+011	2.39e+011	1.12e+011	2.64e+011	3.46e-112	1.90e+015	1.23e+015	2.50e+013	6.60e+015	5.33e+010	2.06e+011	2.91e+014	1.38e+018	2.54e+008
0.785	1.65e+010	5.08e+007	6.34e+010	1.09e-108	5.64e+011	2.35e+011	1.12e+011	2.64e+011	1.32e-109	1.87e+015	1.21e+015	2.46e+013	6.51e+015	5.24e+010	2.05e+011	2.92e+014	1.38e+018	2.00e+008
0.790	1.63e+010	4.96e+007	6.23e+010	3.75e-106	5.59e+011	2.30e+011	1.11e+011	2.64e+011	4.95e-107	1.84e+015	1.19e+015	2.41e+013	6.41e+015	5.13e+010	2.05e+011	2.93e+014	1.38e+018	7.70e+007
0.795	1.60e+010	4.78e+007	6.09e+010	1.27e-103	5.52e+011	2.25e+011	1.10e+011	2.63e+011	1.82e-104	1.81e+015	1.17e+015	2.35e+013	6.29e+015	5.01e+010	2.04e+011	2.95e+014	1.39e+018	2.02e+008
0.800	1.56e+010	4.64e+007	5.96e+010	4.21e-101	5.45e+011	2.18e+011	1.09e+011	2.62e+011	6.61e-102	1.77e+015	1.14e+015	2.28e+013	6.16e+015	4.88e+010	2.03e+011	2.96e+014	1.39e+018	1.27e+008
0.805	1.52e+010	4.45e+007	5.78e+010	1.37e-098	5.36e+011	2.11e+011	1.08e+011	2.61e+011	2.35e-099	1.72e+015	1.12e+015	2.21e+013	6.01e+015	4.74e+010	2.01e+011	2.98e+014	1.40e+018	3.58e+008
0.810	1.47e+010	4.17e+007	5.54e+010	4.34e-096	5.26e+011	2.03e+011	1.06e+011	2.59e+011	8.20e-097	1.67e+015	1.08e+015	2.12e+013	5.85e+015	4.61e+010	1.99e+011	3.00e+014	1.40e+018	1.52e+009
0.815	1.43e+010	3.90e+007	5.32e+010	1.35e-093	5.15e+011	1.94e+011	1.05e+011	2.57e+011	2.81e-094	1.62e+015	1.05e+015	2.03e+013	5.67e+015	4.46e+010	1.96e+011	3.02e+014	1.41e+018	1.33e+009
0.820	1.39e+010	3.61e+007	5.09e+010	4.13e-091	5.03e+011	1.84e+011	1.03e+011	2.54e+011	9.44e-092	1.56e+015	1.01e+015	1.93e+013	5.47e+015	4.31e+010	1.92e+011	3.04e+014	1.41e+018	1.44e+009
0.825	1.36e+010	3.31e+007	4.83e+010	1.23e-088	4.88e+011	1.74e+011	1.00e+011	2.51e+011	3.11e-089	1.50e+015	9.69e+014	1.82e+013	5.26e+015	4.15e+010	1.86e+011	3.06e+014	1.42e+018	1.72e+009
0.830	1.34e+010	3.05e+007	4.60e+010	3.61e-086	4.73e+011	1.63e+011	9.73e+010	2.46e+011	1.00e-086	1.44e+015	9.25e+014	1.70e+013	5.04e+015	3.94e+010	1.80e+011	3.07e+014	1.43e+018	1.04e+009
0.835	1.32e+010	2.79e+007	4.33e+010	1.03e-083	4.56e+011	1.51e+011	9.42e+010	2.41e+011	3.18e-084	1.37e+015	8.78e+014	1.57e+013	4.80e+015	3.67e+010	1.72e+011	3.09e+014	1.44e+018	7.14e+008
0.840	1.28e+010	2.58e+007	4.09e+010	2.90e-081	4.38e+011	1.39e+011	9.07e+010	2.36e+011	9.83e-082	1.30e+015	8.29e+014	1.44e+013	4.55e+015	3.35e+010	1.62e+011	3.10e+014	1.45e+018	4.88e+008
0.845	1.21e+010	2.29e+007	3.74e+010	7.95e-079	4.17e+011	1.26e+011	8.68e+010	2.29e+011	2.97e-079	1.22e+015	7.79e+014	1.29e+013	4.29e+015	3.03e+010	1.51e+011	3.10e+014	1.45e+018	1.82e+008
0.850	1.12e+010	1.94e+007	3.33e+010	2.13e-076	3.94e+011	1.13e+011	8.26e+010	2.21e+011	8.76e-077	1.15e+015	7.28e+014	1.15e+013	4.03e+015	2.72e+010	1.38e+011	3.10e+014	1.46e+018	9.39e+008
0.855	1.03e+010	1.57e+007	2.89e+010	5.60e-074	3.71e+011	1.01e+011	7.80e+010	2.13e+011	2.52e-074	1.07e+015	6.77e+014	1.01e+013	3.76e+015	2.47e+010	1.25e+011	3.09e+014	1.47e+018	2.16e+009
0.860	9.56e+009	1.23e+007	2.47e+010	1.43e-071	3.48e+011	8.91e+010	7.31e+010	2.04e+011	7.05e-072	1.00e+015	6.27e+014	8.83e+012	3.49e+015	2.22e+010	1.11e+011	3.07e+014	1.48e+018	2.92e+009
0.865	9.04e+009	9.63e+006	2.12e+010	3.58e-069	3.25e+011	7.77e+010	6.79e+010	1.93e+011	1.92e-069	9.25e+014	5.78e+014	7.61e+012	3.23e+015	1.94e+010	9.73e+010	3.04e+014	1.49e+018	2.20e+009
0.870	8.66e+009	7.69e+006	1.84e+010	8.72e-067	3.01e+011	6.66e+010	6.24e+010	1.82e+011	5.06e-067	8.52e+014	5.30e+014	6.42e+012	2.97e+015	1.62e+010	8.41e+010	3.00e+014	1.50e+018	2.31e+007
0.875	8.16e+009	6.22e+006	1.62e+010	2.06e-064	2.77e+011	5.59e+010	5.68e+010	1.69e+011	1.29e-064	7.80e+014	4.85e+014	5.28e+012	2.72e+015	1.27e+010	7.13e+010	2.95e+014	1.51e+018	2.59e+009
0.880	7.30e+009	4.95e+006	1.38e+010	4.75e-062	2.51e+011	4.58e+010	5.13e+010	1.56e+011	3.19e-062	7.10e+014	4.41e+014	4.20e+012	2.48e+015	9.62e+009	5.92e+010	2.88e+014	1.52e+018	4.06e+009
0.885	6.06e+009	3.66e+006	1.11e+010	1.06e-059	2.24e+011	3.66e+010	4.59e+010	1.43e+011	7.60e-060	6.44e+014	4.00e+014	3.24e+012	2.24e+015	7.28e+009	4.78e+010	2.81e+014	1.53e+018	2.65e+009
0.890	4.75e+009	2.48e+006	8.31e+009	2.29e-057	1.97e+011	2.89e+010	4.07e+010	1.31e+011	1.74e-057	5.81e+014	3.63e+014	2.46e+012	2.02e+015	5.32e+009	3.73e+010	2.72e+014	1.53e+018	1.86e+008
0.895	3.62e+009	1.57e+006	5.89e+009	4.78e-055	1.72e+011	2.26e+010	3.58e+010	1.19e+011	3.83e-055	5.22e+014	3.28e+014	1.84e+012	1.82e+015	3.91e+009	2.83e+010	2.63e+014	1.54e+018	3.13e+009
0.900	2.74e+009	9.50e+005	4.04e+009	9.62e-053	1.50e+011	1.76e+010	3.11e+010	1.08e+011	8.05e-053	4.67e+014	2.97e+014	1.38e+012	1.63e+015	2.92e+009	2.12e+010	2.52e+014	1.55e+018	5.17e+009
0.905	2.10e+009	5.62e+005	2.73e+009	1.86e-050	1.31e+011	1.36e+010	2.68e+010	9.73e+010	1.62e-050	4.17e+014	2.69e+014	1.02e+012	1.46e+015	2.29e+009	1.57e+010	2.40e+014	1.56e+018	6.08e+009
0.910	1.62e+009	3.30e+005	1.84e+009	3.44e-048	1.14e+011	1.05e+010	2.27e+010	8.70e+010	3.10e-048	3.71e+014	2.43e+014	7.57e+011	1.30e+015	1.79e+009	1.16e+010	2.28e+014	1.56e+018	6.03e+009
0.915	1.25e+009	1.93e+005	1.24e+009	6.08e-046	9.89e+010	7.97e+009	1.90e+010	7.72e+010	5.65e-046	3.30e+014	2.20e+014	5.53e+011	1.15e+015	1.39e+009	8.44e+009	2.15e+014	1.57e+018	5.35e+009
0.920	9.48e+008	1.13e+005	8.36e+008	1.02e-043	8.55e+010	5.98e+009	1.57e+010	6.79e+010	9.75e-044	2.92e+014	1.99e+014	3.99e+011	1.02e+015	1.05e+009	6.11e+009	2.02e+014	1.57e+018	4.20e+009
0.925	7.13e+008	6.70e+004	5.68e+008	1.63e-041	7.36e+010	4.43e+009	1.28e+010	5.92e+010	1.59e-041	2.58e+014	1.80e+014	2.84e+011	9.04e+014	7.60e+008	4.37e+009	1.89e+014	1.58e+018	2.93e+009
0.930	5.22e+008	3.96e+004	3.87e+008	2.46e-039	6.28e+010	3.23e+009	1.02e+010	5.10e+010	2.44e-039	2.27e+014	1.62e+014	1.99e+011	7.97e+014	5.33e+008	3.09e+009	1.76e+014	1.58e+018	1.75e+009
0.935	3.73e+008	2.34e+004	2.63e+008	3.50e-037	5.31e+010	2.32e+009	7.99e+009	4.35e+010	3.51e-037	1.99e+014	1.46e+014	1.38e+011	7.01e+014	3.57e+008	2.16e+009	1.63e+014	1.58e+018	8.33e+008
0.940	2.62e+008	1.37e+004	1.78e+008	4.65e-035	4.45e+010	1.65e+009	6.15e+009	3.67e+010	4.70e-035	1.74e+014	1.31e+014	9.41e+010	6.15e+014	2.36e+008	1.49e+009	1.50e+014	1.59e+018	1.48e+008
0.945	1.80e+008	7.99e+003	1.20e+008	5.76e-033	3.68e+010	1.15e+009	4.66e+009	3.07e+010	5.85e-033	1.52e+014	1.17e+014	6.39e+010	5.38e+014	1.55e+008	1.02e+009	1.37e+014	1.59e+018	2.83e+008
0.950	1.21e+008	4.61e+003	7.98e+007	6.61e-031	3.02e+010	8.02e+008	3.47e+009	2.54e+010	6.72e-031	1.33e+014	1.04e+014	4.31e+010	4.71e+014	1.01e+008	6.93e+008	1.26e+014	1.59e+018	5.09e+008
0.955	8.08e+007	2.64e+003	5.27e+007	6.97e-029	2.44e+010	5.53e+008	2.54e+009	2.07e+010	7.06e-029	1.15e+014	9.21e+013	2.91e+010	4.11e+014	6.65e+007	4.67e+008	1.14e+014	1.60e+018	5.95e+008
0.960	5.41e+007	1.49e+003	3.43e+007	6.69e-027	1.95e+010	3.79e+008	1.82e+009	1.67e+010	6.74e-027	1.00e+014	8.07e+013	1.96e+010	3.59e+014	4.39e+007	3.12e+008	1.04e+014	1.60e+018	6.00e+008
0.965	3.63e+007	8.25e+002	2.20e+007	5.80e-025	1.54e+010	2.58e+008	1.29e+009	1.33e+010	5.79e-025	8.69e+013	7.01e+013	1.32e+010	3.14e+014	2.93e+007	2.06e+008	9.45e+013	1.60e+018	5.50e+008
0.970	2.44e+007	4.50e+002	1.38e+007	4.48e-023	1.20e+010	1.74e+008	8.98e+008	1.05e+010	4.42e-023	7.57e+013	6.01e+013	8.86e+009	2.75e+014	1.99e+007	1.34e+008	8.60e+013	1.60e+018	4.86e+008
0.975	1.65e+007	2.39e+002	8.44e+006	3.03e-021	9.27e+009	1.17e+008	6.18e+008	8.10e+009	2.95e-021	6.63e+013	5.07e+013	5.92e+009	2.43e+014	1.36e+007	8.58e+007	7.86e+013	1.60e+018	4.25e+008
0.980	1.13e+007	1.23e+002	4.95e+006	1.76e-019	7.04e+009	7.73e+007	4.18e+008	6.15e+009	1.69e-019	5.85e+013	4.18e+013	3.92e+009	2.16e+014	9.18e+006	5.35e+007	7.23e+013	1.60e+018	3.87e+008
0.985	7.72e+006	5.99e+001	2.74e+006	8.57e-018	5.30e+009	4.99e+007	2.81e+008	4.57e+009	8.09e-018	5.24e+013	3.34e+013	2.55e+009	1.94e+014	6.16e+006	3.21e+007	6.72e+013	1.61e+018	3.90e+008
0.990	5.16e+006	2.70e+001	1.37e+006	3.35e-016	3.99e+009	3.11e+007	1.88e+008	3.30e+009	3.11e-016	4.78e+013	2.54e+013	1.61e+009	1.77e+014	4.09e+006	1.83e+007	6.33e+013	1.61e+018	4.63e+008
0.995	3.12e+006	1.05e+001	5.84e+005	9.87e-015	3.05e+009	1.80e+007	1.23e+008	2.27e+009	9.08e-015	4.47e+013	1.76e+013	9.55e+008	1.65e+014	2.62e+006	9.47e+006	6.07e+013	1.61e+018	6.34e+008
1.000	1.25e+006	2.92e+000	1.70e+005	1.97e-013	2.10e+009	8.29e+006	6.72e+007	1.26e+009	1.82e-013	4.30e+013	1.02e+013	4.44e+008	1.58e+014	1.42e+006	3.74e+006	5.95e+013	1.61e+018	7.65e+008
1.004	1.61e-012	1.61e-012	1.61e-012	1.61e-012	1.61e-012	1.61e-012	1.61e-012	1.61e-012	1.61e-012	4.29e+013	4.64e+012	3.45e+007	1.56e+014	1.09e+005	2.88e+005	5.95e+013	1.61e+018	1.61e-012

x(e)	x(O+)	x(O2+)	x(O3+)	x(O4+)	x(O-)	x(O2-)	x(O3-)	x(O4-)	x(O2[a])	x(O2[b])	x(O2[Hz])	x(O)	x(O[1D])	x(O[1S])	x(O3)	x(O2)	
1.00e-050	1.00e-050	1.00e-050	1.00e-050	1.00e-050	1.00e-050	1.00e-050	1.00e-050	1.00e-050	6.91e-006	8.08e-007	3.96e-012	2.22e-005	2.31e-016	5.77e-014	1.19e-005	1.00e+000	
9.13e-017	3.36e-019	6.16e-014	1.22e-051	3.26e-010	1.39e-012	3.43e-011	5.08e-010	1.19e-051	6.94e-006	1.77e-006	5.11e-011	2.26e-005	3.01e-015	7.51e-013	1.19e-005	1.00e+000	
2.24e-016	3.11e-019	5.66e-014	6.14e-053	3.83e-010	1.52e-012	3.24e-011	5.32e-010	5.98e-053	7.12e-006	3.07e-006	7.11e-011	2.34e-005	7.11e-015	1.10e-012	1.21e-005	1.00e+000	
4.12e-016	4.97e-019	8.64e-014	2.08e-054	5.79e-010	2.15e-012	4.20e-011	7.03e-010	2.06e-054	7.46e-006	4.39e-006	1.03e-010	2.45e-005	1.62e-014	1.63e-012	1.25e-005	1.00e+000	
7.19e-016	8.32e-019	1.35e-013	5.34e-056	8.67e-010	3.06e-012	5.84e-011	9.48e-010	5.38e-056	7.94e-006	5.74e-006	1.49e-010	2.60e-005	3.44e-014	2.46e-012	1.32e-005	1.00e+000	
1.24e-015	1.38e-018	2.06e-013	1.10e-057	1.23e-009	4.21e-012	7.88e-011	1.24e-009	1.13e-057	8.57e-006	7.14e-006	2.10e-010	2.80e-005	6.82e-014	3.63e-012	1.40e-005	1.00e+000	
2.14e-015	2.24e-018	3.04e-013	1.89e-059	1.66e-009	5.65e-012	1.05e-010	1.59e-009	1.99e-059	9.35e-006	8.58e-006	2.87e-010	3.02e-005	1.27e-013	5.23e-012	1.50e-005	1.00e+000	
3.71e-015	3.56e-018	4.37e-013	2.78e-061	2.17e-009	7.45e-012	1.38e-010	1.99e-009	2.99e-061	1.03e-005	1.01e-005	3.85e-010	3.29e-005	2.25e-013	7.35e-012	1.63e-005	1.00e+000	
6.42e-015	5.51e-018	6.11e-013	3.59e-063	2.75e-009	9.66e-012	1.78e-010	2.45e-009	3.95e-063	1.13e-005	1.16e-005	5.07e-010	3.60e-005	3.77e-013	1.01e-011	1.77e-005	1.00e+000	
1.09e-014	8.33e-018	8.35e-013	4.13e-065	3.40e-009	1.24e-011	2.25e-010	2.96e-009	4.64e-065	1.25e-005	1.32e-005	6.57e-010	3.94e-005	6.04e-013	1.36e-011	1.93e-005	1.00e+000	
1.83e-014	1.23e-017	1.11e-012	4.27e-067	4.12e-009	1.56e-011	2.80e-010	3.55e-009	4.91e-067	1.39e-005	1.49e-005	8.41e-010	4.32e-005	9.26e-013	1.79e-011	2.10e-005	1.00e+000	
2.97e-014	1.78e-017	1.46e-012	4.02e-069	4.92e-009	1.96e-011	3.45e-010	4.19e-009	4.72e-069	1.54e-005	1.66e-005	1.06e-009	4.74e-005	1.36e-012	2.32e-011	2.29e-005	1.00e+000	
4.67e-014	2.51e-017	1.87e-012	3.47e-071	5.80e-009	2.42e-011	4.21e-010	4.90e-009	4.16e-071	1.70e-005	1.84e-005	1.33e-009	5.20e-005	1.94e-012	2.95e-011	2.50e-005	1.00e+000	
7.13e-014	3.49e-017	2.37e-012	2.77e-073	6.74e-009	2.98e-011	5.10e-010	5.67e-009	3.39e-073	1.87e-005	2.03e-005	1.64e-009	5.70e-005	2.66e-012	3.70e-011	2.71e-005	1.00e+000	
1.05e-013	4.76e-017	2.95e-012	2.05e-075	7.75e-009	3.64e-011	6.13e-010	6.49e-009	2.56e-075	2.06e-005	2.21e-005	2.00e-009	6.23e-005	3.57e-012	4.58e-011	2.94e-005	1.00e+000	
1.51e-013	6.39e-017	3.63e-012	1.42e-077	8.81e-009	4.40e-011	7.33e-010	7.37e-009	1.81e-077	2.25e-005	2.41e-005	2.43e-009	6.80e-005	4.66e-012	5.61e-011	3.19e-005	1.00e+000	
2.11e-013	8.44e-017	4.41e-012	9.21e-080	9.92e-009	5.29e-011	8.70e-010	8.29e-009	1.19e-079	2.46e-005	2.60e-005	2.91e-009	7.40e-005	5.95e-012	6.78e-011	3.44e-005	1.00e+000	
2.87e-013	1.10e-016	5.31e-012	5.63e-082	1.11e-008	6.31e-011	1.02e-009	9.25e-009	7.44e-082	2.68e-005	2.80e-005	3.47e-009	8.04e-005	7.47e-012	8.11e-011	3.70e-005	1.00e+000	
3.82e-013	1.43e-016	6.34e-012	3.25e-084	1.22e-008	7.47e-011	1.19e-009	1.02e-008	4.38e-084	2.91e-005	3.00e-005	4.09e-009	8.70e-005	9.25e-012	9.63e-011	3.96e-005	1.00e+000	
4.97e-013	1.82e-016	7.50e-012	1.78e-086	1.34e-008	8.78e-011	1.37e-009	1.12e-008	2.44e-086	3.14e-005	3.20e-005	4.79e-009	9.40e-005	1.13e-011	1.13e-010	4.23e-005	1.00e+000	
6.36e-013	2.30e-016	8.81e-012	9.28e-089	1.46e-008	1.02e-010	1.56e-009	1.23e-008	1.29e-088	3.39e-005	3.40e-005	5.57e-009	1.01e-004	1.36e-011	1.32e-010	4.51e-005	1.00e+000	
8.01e-013	2.88e-016	1.03e-011	4.61e-091	1.58e-008	1.19e-010	1.77e-009	1.33e-008	6.52e-091	3.64e-005	3.59e-005	6.43e-009	1.09e-004	1.63e-011	1.53e-010	4.79e-005	1.00e+000	
9.94e-013	3.57e-016	1.19e-011	2.18e-093	1.71e-008	1.36e-010	1.99e-009	1.43e-008	3.14e-093	3.90e-005	3.79e-005	7.37e-009	1.17e-004	1.93e-011	1.76e-010	5.08e-005	1.00e+000	
1.22e-012	4.38e-016	1.36e-011	9.91e-096	1.83e-008	1.56e-010	2.21e-009	1.53e-008	1.45e-095	4.16e-005	3.99e-005	8.40e-009	1.25e-004	2.26e-011	2.01e-010	5.36e-005	1.00e+000	
1.48e-012	5.32e-016	1.56e-011	4.32e-098	1.95e-008	1.77e-010	2.45e-009	1.63e-008	6.41e-098	4.43e-005	4.18e-005	9.52e-009	1.33e-004	2.64e-011	2.28e-010	5.65e-005	1.00e+000	
1.78e-012	6.41e-016	1.77e-011	1.81e-100	2.07e-008	2.01e-010	2.70e-009	1.73e-008	2.72e-100	4.71e-005	4.37e-005	1.07e-008	1.41e-004	3.06e-011	2.57e-010	5.94e-005	1.00e+000	
2.11e-012	7.67e-016	1.99e-011	7.26e-103	2.19e-008	2.26e-010	2.96e-009	1.83e-008	1.11e-102	4.99e-005	4.56e-005	1.20e-008	1.50e-004	3.52e-011	2.89e-010	6.23e-005	1.00e+000	
2.49e-012	9.12e-016	2.24e-011	2.82e-105	2.30e-008	2.53e-010	3.23e-009	1.92e-008	4.37e-105	5.27e-005	4.74e-005	1.34e-008	1.59e-004	4.03e-011	3.22e-010	6.51e-005	1.00e+000	
2.91e-012	1.08e-015	2.50e-011	1.05e-107	2.41e-008	2.82e-010	3.49e-009	2.01e-008	1.66e-107	5.56e-005	4.92e-005	1.49e-008	1.68e-004	4.59e-011	3.58e-010	6.79e-005	1.00e+000	
3.37e-012	1.26e-015	2.78e-011	3.81e-110	2.53e-008	3.13e-010	3.75e-009	2.10e-008	6.08e-110	5.84e-005	5.09e-005	1.65e-008	1.77e-004	5.19e-011	3.96e-010	7.08e-005	1.00e+000	
3.87e-012	1.47e-015	3.08e-011	1.33e-112	2.64e-008	3.45e-010	4.01e-009	2.19e-008	2.16e-112	6.13e-005	5.26e-005	1.81e-008	1.86e-004	5.85e-011	4.36e-010	7.35e-005	1.00e+000	
4.42e-012	1.70e-015	3.40e-011	4.52e-115	2.75e-008	3.78e-010	4.26e-009	2.27e-008	7.40e-115	6.42e-005	5.43e-005	1.99e-008	1.96e-004	6.56e-011	4.79e-010	7.63e-005	1.00e+000	
5.02e-012	1.96e-015	3.74e-011	1.49e-117	2.85e-008	4.14e-010	4.51e-009	2.36e-008	2.46e-117	6.72e-005	5.59e-005	2.18e-008	2.05e-004	7.32e-011	5.24e-010	7.90e-005	1.00e+000	
5.66e-012	2.25e-015	4.10e-011	4.74e-120	2.96e-008	4.51e-010	4.76e-009	2.44e-008	7.96e-120	7.01e-005	5.75e-005	2.38e-008	2.15e-004	8.13e-011	5.72e-010	8.17e-005	1.00e+000	
6.34e-012	2.57e-015	4.49e-011	1.47e-122	3.06e-008	4.90e-010	5.01e-009	2.52e-008	2.50e-122	7.30e-005	5.91e-005	2.59e-008	2.25e-004	9.00e-011	6.22e-010	8.43e-005	1.00e+000	
7.07e-012	2.92e-015	4.89e-011	4.41e-125	3.17e-008	5.31e-010	5.25e-009	2.59e-008	7.61e-125	7.60e-005	6.06e-005	2.81e-008	2.34e-004	9.93e-011	6.74e-010	8.70e-005	1.00e+000	
7.85e-012	3.30e-015	5.32e-011	1.29e-127	3.27e-008	5.74e-010	5.49e-009	2.67e-008	2.26e-127	7.90e-005	6.21e-005	3.05e-008	2.44e-004	1.09e-010	7.30e-010	8.95e-005	1.00e+000	
8.67e-012	3.73e-015	5.78e-011	3.69e-130	3.37e-008	6.18e-010	5.73e-009	2.74e-008	6.52e-130	8.19e-005	6.36e-005	3.30e-008	2.54e-004	1.20e-010	7.89e-010	9.21e-005	1.00e+000	
9.53e-012	4.20e-015	6.26e-011	1.02e-132	3.47e-008	6.65e-010	5.97e-009	2.82e-008	1.83e-132	8.49e-005	6.50e-005	3.56e-008	2.64e-004	1.31e-010	8.51e-010	9.46e-005	9.99e-001	
1.05e-011	4.71e-015	6.78e-011	2.78e-135	3.57e-008	7.15e-010	6.21e-009	2.89e-008	5.03e-135	8.79e-005	6.64e-005	3.84e-008	2.75e-004	1.42e-010	9.16e-010	9.70e-005	9.99e-001	
1.14e-011	5.28e-015	7.32e-011	7.34e-138	3.67e-008	7.66e-010	6.46e-009	2.96e-008	1.35e-137	9.09e-005	6.78e-005	4.13e-008	2.85e-004	1.55e-010	9.85e-010	9.94e-005	9.99e-001	
1.25e-011	5.90e-015	7.90e-011	1.89e-140	3.77e-008	8.20e-010	6.70e-009	3.03e-008	3.52e-140	9.39e-005	6.92e-005	4.44e-008	2.95e-004	1.68e-010	1.06e-009	1.02e-004	9.99e-001	
1.35e-011	6.58e-015	8.52e-011	4.78e-143	3.88e-008	8.77e-010	6.95e-009	3.10e-008	8.99e-143	9.69e-005	7.06e-005	4.77e-008	3.06e-004	1.82e-010	1.13e-009	1.04e-004	9.99e-001	
1.47e-011	7.32e-015	9.17e-011	1.18e-145	3.98e-008	9.37e-010	7.20e-009	3.17e-008	2.24e-145	1.00e-004	7.19e-005	5.12e-008	3.16e-004	1.97e-010	1.21e-009	1.07e-004	9.99e-001	
1.59e-011	8.13e-015	9.86e-011	2.84e-148	4.08e-008	9.99e-010	7.45e-009	3.25e-008	5.47e-148	1.03e-004	7.33e-005	5.48e-008	3.27e-004	2.12e-010	1.30e-009	1.09e-004	9.99e-001	
1.72e-011	9.01e-015	1.06e-010	6.69e-151	4.18e-008	1.06e-009	7.71e-009	3.32e-008	1.31e-150	1.06e-004	7.46e-005	5.87e-008	3.38e-004	2.29e-010	1.39e-009	1.11e-004	9.99e-001	
1.85e-011	9.98e-015	1.14e-010	1.55e-153	4.29e-008	1.13e-009	7.97e-009	3.39e-008	3.05e-153	1.09e-004	7.60e-005	6.28e-008	3.48e-004	2.46e-010	1.48e-009	1.13e-004	9.99e-001	
1.99e-011	1.10e-014	1.22e-010	3.49e-156	4.39e-008	1.21e-009	8.23e-009	3.46e-008	6.99e-156	1.12e-004	7.73e-005	6.71e-008	3.59e-004	2.65e-010	1.58e-009	1.16e-004	9.99e-001	
2.14e-011	1.22e-014	1.31e-010	7.75e-159	4.50e-008	1.28e-009	8.50e-009	3.53e-008	1.57e-158	1.16e-004	7.87e-005	7.16e-008	3.71e-004	2.85e-010	1.69e-009	1.18e-004	9.99e-001	
2.30e-011	1.34e-014	1.40e-010	1.68e-161	4.61e-008	1.36e-009	8.78e-009	3.60e-008	3.45e-161	1.19e-004	8.00e-005	7.64e-008	3.82e-004	3.05e-010	1.80e-009	1.20e-004	9.99e-001	
2.47e-011	1.48e-014	1.50e-010	3.59e-164	4.71e-008	1.44e-009	9.05e-009	3.67e-008	7.43e-164	1.22e-004	8.14e-005	8.15e-008	3.93e-004	3.27e-010	1.91e-009	1.22e-004	9.99e-001	
2.65e-011	1.62e-014	1.60e-010	7.50e-167	4.82e-008	1.53e-009	9.33e-009	3.75e-008	1.57e-166	1.25e-004	8.27e-005	8.68e-008	4.05e-004	3.50e-010	2.03e-009	1.24e-004	9.99e-001	
2.84e-011	1.78e-014	1.71e-010	1.54e-169	4.93e-008	1.62e-009	9.62e-009	3.82e-008	3.26e-169	1.28e-004	8.41e-005	9.24e-008	4.17e-004	3.75e-010	2.16e-009	1.26e-004	9.99e-001	
3.04e-011	1.96e-014	1.83e-010	3.10e-172	5.04e-008	1.72e-009	9.91e-009	3.89e-008	6.65e-172	1.32e-004	8.55e-005	9.82e-008	4.28e-004	4.01e-010	2.29e-009	1.28e-004	9.99e-001	
3.25e-011	2.14e-014	1.95e-010	6.14e-175	5.16e-008	1.82e-009	1.02e-008	3.97e-008	1.33e-174	1.35e-004	8.69e-005	1.04e-007	4.40e-004	4.28e-010	2.43e-009	1.30e-004	9.99e-001	
3.47e-011	2.35e-014	2.08e-010	1.19e-177	5.27e-008	1.92e-009	1.05e-008	4.04e-008	2.62e-177	1.39e-004	8.83e-005	1.11e-007	4.53e-004	4.57e-010	2.58e-009	1.33e-004	9.99e-001	
3.70e-011	2.57e-014	2.21e-010	2.28e-180	5.38e-008	2.03e-009	1.08e-008	4.12e-008	5.06e-180	1.42e-004	8.97e-005	1.18e-007	4.65e-004	4.88e-010	2.73e-009	1.35e-004	9.99e-001	
3.95e-011	2.81e-014	2.36e-010	4.29e-183	5.50e-008	2.14e-009	1.11e-008	4.19e-008	9.63e-183	1.46e-004	9.11e-005	1.25e-007	4.78e-004	5.20e-010	2.89e-009	1.37e-004	9.99e-001	
4.21e-011	3.06e-014	2.51e-010	7.93e-186	5.62e-008	2.26e-009	1.14e-008	4.27e-008	1.80e-185	1.49e-004	9.26e-005	1.32e-007	4.90e-004	5.53e-010	3.06e-009	1.39e-004	9.99e-001	
4.48e-011	3.34e-014	2.67e-010	1.44e-188	5.74e-008	2.38e-009	1.17e-008	4.35e-008	3.31e-188	1.53e-004	9.41e-005	1.40e-007	5.03e-004	5.89e-010	3.24e-009	1.41e-004	9.99e-001	
4.77e-011	3.64e-014	2.84e-010	2.58e-191	5.86e-008	2.51e-009	1.20e-008	4.42e-008	5.99e-191	1.56e-004	9.56e-005	1.49e-007	5.17e-004	6.26e-010	3.42e-009	1.43e-004	9.99e-001	
5.07e-011	3.96e-014	3.02e-010	4.55e-194	5.98e-008	2.65e-009	1.24e-008	4.50e-008	1.07e-193	1.60e-004	9.71e-005	1.57e-007	5.30e-004	6.65e-010	3.62e-009	1.45e-004	9.99e-001	
5.39e-011	4.31e-014	3.21e-010	7.89e-197	6.10e-008	2.79e-009	1.27e-008	4.58e-008	1.87e-196	1.64e-004	9.86e-005	1.67e-007	5.44e-004	7.07e-010	3.82e-009	1.47e-004	9.99e-001	
5.72e-011	4.69e-014	3.40e-010	1.35e-199	6.23e-008	2.93e-009	1.30e-008	4.66e-008	3.23e-199	1.68e-004	1.00e-004	1.76e-007	5.58e-004	7.50e-010	4.03e-009	1.48e-004	9.99e-001	
6.07e-011	5.10e-014	3.61e-010	2.27e-202	6.35e-008	3.09e-009	1.33e-008	4.74e-008	5.51e-202	1.71e-004	1.02e-004	1.86e-007	5.72e-004	7.96e-010	4.25e-009	1.50e-004	9.99e-001	
6.44e-011	5.53e-014	3.83e-010	3.77e-205	6.48e-008	3.25e-009	1.37e-008	4.82e-008	9.23e-205	1.75e-004	1.03e-004	1.97e-007	5.86e-004	8.44e-010	4.48e-009	1.52e-004	9.99e-001	
6.83e-011	6.01e-014	4.07e-010	6.17e-208	6.61e-008	3.41e-009	1.40e-008	4.90e-008	1.53e-207	1.79e-004	1.05e-004	2.08e-007	6.00e-004	8.94e-010	4.72e-009	1.54e-004	9.99e-001	
7.23e-011	6.51e-014	4.31e-010	9.95e-211	6.75e-008	3.58e-009	1.44e-008	4.98e-008	2.49e-210	1.83e-004	1.07e-004	2.19e-007	6.15e-004	9.47e-010	4.97e-009	1.56e-004	9.99e-001	
7.66e-011	7.06e-014	4.57e-010	1.58e-213	6.88e-008	3.76e-009	1.47e-008	5.07e-008	4.00e-213	1.87e-004	1.08e-004	2.31e-007	6.30e-004	1.00e-009	5.23e-009	1.58e-004	9.99e-001	
8.10e-011	7.65e-014	4.84e-010	2.48e-216	7.01e-008	3.95e-009	1.51e-008	5.15e-008	6.34e-216	1.92e-004	1.10e-004	2.44e-007	6.46e-004	1.06e-009	5.51e-009	1.60e-004	9.99e-001	
8.57e-011	8.29e-014	5.12e-010	3.85e-219	7.15e-008	4.15e-009	1.54e-008	5.23e-008	9.91e-219	1.96e-004	1.12e-004	2.58e-007	6.61e-004	1.12e-009	5.79e-009	1.62e-004	9.99e-001	
9.06e-011	8.97e-014	5.42e-010	5.88e-222	7.29e-008	4.35e-009	1.58e-008	5.32e-008	1.53e-221	2.00e-004	1.14e-004	2.72e-007	6.77e-004	1.19e-009	6.09e-009	1.63e-004	9.99e-001	
9.58e-011	9.71e-014	5.74e-010	8.87e-225	7.43e-008	4.56e-009	1.62e-008	5.41e-008	2.33e-224	2.04e-004	1.16e-004	2.86e-007	6.93e-004	1.26e-009	6.40e-009	1.65e-004	9.99e-001	
1.01e-010	1.05e-013	6.07e-010	1.32e-227	7.58e-008	4.79e-009	1.65e-008	5.49e-008	3.50e-227	2.09e-004	1.18e-004	3.02e-007	7.10e-004	1.33e-009	6.73e-009	1.67e-004	9.99e-001	
1.07e-010	1.14e-013	6.43e-010	1.94e-230	7.72e-008	5.02e-009	1.69e-008	5.58e-008	5.20e-230	2.13e-004	1.20e-004	3.18e-007	7.26e-004	1.40e-009	7.07e-009	1.69e-004	9.99e-001	
1.13e-010	1.23e-013	6.80e-010	2.82e-233	7.87e-008	5.26e-009	1.73e-008	5.67e-008	7.62e-233	2.18e-004	1.22e-004	3.35e-007	7.43e-004	1.48e-009	7.43e-009	1.71e-004	9.99e-001	
1.19e-010	1.33e-013	7.19e-010	4.05e-236	8.02e-008	5.51e-009	1.77e-008	5.76e-008	1.10e-235	2.23e-004	1.24e-004	3.52e-007	7.61e-004	1.57e-009	7.80e-009	1.72e-004	9.99e-001	
1.25e-010	1.44e-013	7.60e-010	5.73e-239	8.18e-008	5.77e-009	1.81e-008	5.85e-008	1.58e-238	2.27e-004	1.26e-004	3.71e-007	7.79e-004	1.65e-009	8.19e-009	1.74e-004	9.99e-001	
1.32e-010	1.55e-013	8.04e-010	8.03e-242	8.33e-008	6.04e-009	1.85e-008	5.94e-008	2.23e-241	2.32e-004	1.28e-004	3.91e-007	7.97e-004	1.74e-009	8.60e-009	1.76e-004	9.99e-001	
1.39e-010	1.68e-013	8.50e-010	1.11e-244	8.49e-008	6.33e-009	1.89e-008	6.04e-008	3.12e-244	2.37e-004	1.30e-004	4.11e-007	8.15e-004	1.84e-009	9.03e-009	1.77e-004	9.99e-001	
1.47e-010	1.81e-013	8.98e-010	1.52e-247	8.65e-008	6.62e-009	1.93e-008	6.13e-008	4.30e-247	2.42e-004	1.32e-004	4.33e-007	8.34e-004	1.94e-009	9.47e-009	1.79e-004	9.99e-001	
1.55e-010	1.96e-013	9.49e-010	2.06e-250	8.82e-008	6.93e-009	1.97e-008	6.23e-008	5.87e-250	2.47e-004	1.35e-004	4.55e-007	8.54e-004	2.05e-009	9.94e-009	1.81e-004	9.99e-001	
1.63e-010	2.11e-013	1.00e-009	2.76e-253	8.98e-008	7.26e-009	2.01e-008	6.33e-008	7.93e-253	2.53e-004	1.37e-004	4.79e-007	8.73e-004	2.16e-009	1.04e-008	1.82e-004	9.99e-001	
1.72e-010	2.28e-013	1.06e-009	3.65e-256	9.16e-008	7.59e-009	2.06e-008	6.43e-008	1.06e-255	2.58e-004	1.40e-004	5.04e-007	8.94e-004	2.28e-009	1.09e-008	1.84e-004	9.99e-001	
1.81e-010	2.47e-013	1.12e-009	4.78e-259	9.33e-008	7.95e-009	2.10e-008	6.53e-008	1.40e-258	2.64e-004	1.42e-004	5.30e-007	9.14e-004	2.41e-009	1.15e-008	1.86e-004	9.98e-001	
1.90e-010	2.66e-013	1.19e-009	6.19e-262	9.51e-008	8.32e-009	2.14e-008	6.63e-008	1.82e-261	2.69e-004	1.45e-004	5.58e-007	9.36e-004	2.54e-009	1.20e-008	1.87e-004	9.98e-001	
2.00e-010	2.88e-013	1.25e-009	7.94e-265	9.69e-008	8.70e-009	2.19e-008	6.73e-008	2.36e-264	2.75e-004	1.47e-004	5.87e-007	9.57e-004	2.68e-009	1.26e-008	1.89e-004	9.98e-001	
2.11e-010	3.11e-013	1.33e-009	1.01e-267	9.88e-008	9.11e-009	2.24e-008	6.84e-008	3.02e-267	2.81e-004	1.50e-004	6.18e-007	9.80e-004	2.83e-009	1.32e-008	1.91e-004	9.98e-001	
2.22e-010	3.36e-013	1.40e-009	1.27e-270	1.01e-007	9.53e-009	2.28e-008	6.95e-008	3.82e-270	2.87e-004	1.53e-004	6.51e-007	1.00e-003	2.99e-009	1.39e-008	1.92e-004	9.98e-001	
2.34e-010	3.63e-013	1.48e-009	1.58e-273	1.03e-007	9.98e-009	2.33e-008	7.06e-008	4.78e-273	2.93e-004	1.56e-004	6.85e-007	1.03e-003	3.15e-009	1.46e-008	1.94e-004	9.98e-001	
2.46e-010	3.93e-013	1.57e-009	1.94e-276	1.05e-007	1.04e-008	2.38e-008	7.17e-008	5.93e-276	3.00e-004	1.59e-004	7.21e-007	1.05e-003	3.32e-009	1.53e-008	1.95e-004	9.98e-001	
2.59e-010	4.26e-013	1.66e-009	2.37e-279	1.07e-007	1.09e-008	2.43e-008	7.29e-008	7.28e-279	3.06e-004	1.63e-004	7.60e-007	1.08e-003	3.51e-009	1.60e-008	1.97e-004	9.98e-001	
2.72e-010	4.61e-013	1.76e-009	2.86e-282	1.09e-007	1.15e-008	2.48e-008	7.40e-008	8.86e-282	3.13e-004	1.66e-004	8.01e-007	1.10e-003	3.71e-009	1.68e-008	1.98e-004	9.98e-001	
2.87e-010	4.99e-013	1.86e-009	3.42e-285	1.11e-007	1.20e-008	2.53e-008	7.52e-008	1.07e-284	3.20e-004	1.70e-004	8.44e-007	1.13e-003	3.91e-009	1.77e-008	2.00e-004	9.98e-001	
3.02e-010	5.42e-013	1.98e-009	4.06e-288	1.13e-007	1.26e-008	2.59e-008	7.65e-008	1.27e-287	3.27e-004	1.73e-004	8.90e-007	1.16e-003	4.13e-009	1.86e-008	2.01e-004	9.98e-001	
3.18e-010	5.88e-013	2.10e-009	4.77e-291	1.16e-007	1.32e-008	2.64e-008	7.78e-008	1.51e-290	3.35e-004	1.77e-004	9.40e-007	1.18e-003	4.37e-009	1.95e-008	2.03e-004	9.98e-001	
3.34e-010	6.39e-013	2.23e-009	5.56e-294	1.18e-007	1.38e-008	2.70e-008	7.91e-008	1.76e-293	3.42e-004	1.81e-004	9.93e-007	1.21e-003	4.62e-009	2.05e-008	2.04e-004	9.98e-001	
3.52e-010	6.96e-013	2.37e-009	5.22e-295	1.21e-007	1.45e-008	2.76e-008	8.04e-008	1.70e-295	3.50e-004	1.86e-004	1.05e-006	1.25e-003	4.89e-009	2.16e-008	2.06e-004	9.98e-001	
3.71e-010	7.59e-013	2.52e-009	5.19e-292	1.23e-007	1.53e-008	2.82e-008	8.18e-008	1.43e-292	3.59e-004	1.90e-004	1.11e-006	1.28e-003	5.18e-009	2.28e-008	2.07e-004	9.98e-001	
3.91e-010	8.29e-013	2.69e-009	5.16e-289	1.26e-007	1.61e-008	2.88e-008	8.33e-008	1.34e-289	3.68e-004	1.95e-004	1.18e-006	1.31e-003	5.50e-009	2.40e-008	2.09e-004	9.98e-001	
4.12e-010	9.07e-013	2.87e-009	5.09e-286	1.29e-007	1.69e-008	2.95e-008	8.48e-008	1.25e-286	3.77e-004	2.00e-004	1.25e-006	1.35e-003	5.84e-009	2.54e-008	2.10e-004	9.98e-001	
4.34e-010	9.96e-013	3.07e-009	4.96e-283	1.32e-007	1.79e-008	3.02e-008	8.63e-008	1.15e-283	3.86e-004	2.05e-004	1.33e-006	1.38e-003	6.22e-009	2.69e-008	2.12e-004	9.98e-001	
4.58e-010	1.10e-012	3.29e-009	4.78e-280	1.35e-007	1.89e-008	3.09e-008	8.79e-008	1.05e-280	3.96e-004	2.11e-004	1.42e-006	1.42e-003	6.63e-009	2.85e-008	2.13e-004	9.98e-001	
4.83e-010	1.21e-012	3.54e-009	4.56e-277	1.38e-007	1.99e-008	3.16e-008	8.96e-008	9.50e-278	4.07e-004	2.17e-004	1.52e-006	1.46e-003	7.08e-009	3.03e-008	2.14e-004	9.98e-001	
5.09e-010	1.34e-012	3.82e-009	4.30e-274	1.41e-007	2.11e-008	3.24e-008	9.14e-008	8.46e-275	4.18e-004	2.24e-004	1.62e-006	1.51e-003	7.59e-009	3.23e-008	2.16e-004	9.98e-001	
5.38e-010	1.50e-012	4.13e-009	4.00e-271	1.45e-007	2.24e-008	3.32e-008	9.32e-008	7.46e-272	4.30e-004	2.31e-004	1.74e-006	1.55e-003	8.14e-009	3.45e-008	2.17e-004	9.98e-001	
5.69e-010	1.67e-012	4.48e-009	3.69e-268	1.49e-007	2.38e-008	3.40e-008	9.52e-008	6.50e-269	4.42e-004	2.38e-004	1.87e-006	1.60e-003	8.76e-009	3.69e-008	2.18e-004	9.98e-001	
6.02e-010	1.88e-012	4.87e-009	3.36e-265	1.53e-007	2.53e-008	3.48e-008	9.72e-008	5.59e-266	4.55e-004	2.46e-004	2.02e-006	1.65e-003	9.46e-009	3.96e-008	2.19e-004	9.97e-001	
6.39e-010	2.13e-012	5.31e-009	3.02e-262	1.57e-007	2.69e-008	3.58e-008	9.94e-008	4.75e-263	4.69e-004	2.55e-004	2.18e-006	1.70e-003	1.02e-008	4.26e-008	2.20e-004	9.97e-001	
6.78e-010	2.41e-012	5.81e-009	2.68e-259	1.62e-007	2.87e-008	3.67e-008	1.02e-007	3.99e-260	4.84e-004	2.64e-004	2.35e-006	1.76e-003	1.11e-008	4.59e-008	2.21e-004	9.97e-001	
7.21e-010	2.73e-012	6.38e-009	2.35e-256	1.66e-007	3.07e-008	3.77e-008	1.04e-007	3.31e-257	4.99e-004	2.74e-004	2.55e-006	1.82e-003	1.21e-008	4.95e-008	2.22e-004	9.97e-001	
7.69e-010	3.11e-012	7.01e-009	2.03e-253	1.72e-007	3.29e-008	3.87e-008	1.06e-007	2.71e-254	5.15e-004	2.85e-004	2.77e-006	1.88e-003	1.31e-008	5.36e-008	2.23e-004	9.97e-001	
8.23e-010	3.56e-012	7.72e-009	1.73e-250	1.77e-007	3.52e-008	3.98e-008	1.09e-007	2.19e-251	5.33e-004	2.97e-004	3.01e-006	1.94e-003	1.43e-008	5.79e-008	2.24e-004	9.97e-001	
8.83e-010	4.07e-012	8.52e-009	1.46e-247	1.83e-007	3.78e-008	4.10e-008	1.12e-007	1.75e-248	5.51e-004	3.09e-004	3.27e-006	2.01e-003	1.56e-008	6.27e-008	2.25e-004	9.97e-001	
9.51e-010	4.68e-012	9.41e-009	1.21e-244	1.89e-007	4.05e-008	4.22e-008	1.14e-007	1.38e-245	5.71e-004	3.23e-004	3.56e-006	2.09e-003	1.70e-008	6.78e-008	2.26e-004	9.97e-001	
1.03e-009	5.35e-012	1.04e-008	9.89e-242	1.95e-007	4.35e-008	4.34e-008	1.17e-007	1.07e-242	5.91e-004	3.37e-004	3.88e-006	2.16e-003	1.85e-008	7.32e-008	2.27e-004	9.97e-001	
1.11e-009	6.12e-012	1.14e-008	7.97e-239	2.02e-007	4.68e-008	4.47e-008	1.20e-007	8.17e-240	6.13e-004	3.52e-004	4.23e-006	2.24e-003	2.01e-008	7.90e-008	2.27e-004	9.97e-001	
1.21e-009	6.98e-012	1.26e-008	6.32e-236	2.09e-007	5.02e-008	4.60e-008	1.23e-007	6.17e-237	6.36e-004	3.68e-004	4.60e-006	2.33e-003	2.18e-008	8.50e-008	2.28e-004	9.96e-001	
1.32e-009	7.92e-012	1.38e-008	4.94e-233	2.17e-007	5.40e-008	4.74e-008	1.27e-007	4.59e-234	6.59e-004	3.85e-004	5.01e-006	2.42e-003	2.35e-008	9.12e-008	2.28e-004	9.96e-001	
1.45e-009	8.97e-012	1.51e-008	3.80e-230	2.24e-007	5.79e-008	4.89e-008	1.30e-007	3.37e-231	6.84e-004	4.03e-004	5.44e-006	2.51e-003	2.53e-008	9.75e-008	2.28e-004	9.96e-001	
1.59e-009	1.01e-011	1.65e-008	2.87e-227	2.32e-007	6.21e-008	5.04e-008	1.33e-007	2.43e-228	7.10e-004	4.21e-004	5.90e-006	2.61e-003	2.72e-008	1.04e-007	2.28e-004	9.96e-001	
1.75e-009	1.14e-011	1.80e-008	2.14e-224	2.41e-007	6.65e-008	5.19e-008	1.36e-007	1.73e-225	7.37e-004	4.41e-004	6.39e-006	2.70e-003	2.90e-008	1.10e-007	2.28e-004	9.96e-001	
1.94e-009	1.27e-011	1.95e-008	1.56e-221	2.49e-007	7.12e-008	5.34e-008	1.40e-007	1.21e-222	7.66e-004	4.61e-004	6.90e-006	2.81e-003	3.09e-008	1.17e-007	2.28e-004	9.96e-001	
2.15e-009	1.41e-011	2.10e-008	1.12e-218	2.58e-007	7.60e-008	5.50e-008	1.43e-007	8.35e-220	7.94e-004	4.82e-004	7.44e-006	2.91e-003	3.27e-008	1.23e-007	2.28e-004	9.96e-001	
2.38e-009	1.56e-011	2.26e-008	7.92e-216	2.66e-007	8.10e-008	5.66e-008	1.46e-007	5.67e-217	8.24e-004	5.04e-004	8.00e-006	3.02e-003	3.45e-008	1.29e-007	2.28e-004	9.95e-001	
2.63e-009	1.71e-011	2.42e-008	5.49e-213	2.75e-007	8.61e-008	5.82e-008	1.50e-007	3.78e-214	8.55e-004	5.26e-004	8.57e-006	3.13e-003	3.61e-008	1.35e-007	2.27e-004	9.95e-001	
2.92e-009	1.87e-011	2.59e-008	3.73e-210	2.84e-007	9.14e-008	5.98e-008	1.53e-007	2.48e-211	8.86e-004	5.48e-004	9.15e-006	3.23e-003	3.77e-008	1.40e-007	2.27e-004	9.95e-001	
3.23e-009	2.04e-011	2.75e-008	2.49e-207	2.93e-007	9.67e-008	6.13e-008	1.56e-007	1.60e-208	9.17e-004	5.71e-004	9.75e-006	3.35e-003	3.92e-008	1.45e-007	2.26e-004	9.95e-001	
3.57e-009	2.20e-011	2.91e-008	1.63e-204	3.02e-007	1.02e-007	6.29e-008	1.59e-007	1.02e-205	9.49e-004	5.94e-004	1.03e-005	3.46e-003	4.04e-008	1.50e-007	2.25e-004	9.95e-001	
3.93e-009	2.36e-011	3.07e-008	1.05e-201	3.10e-007	1.08e-007	6.44e-008	1.62e-007	6.37e-203	9.81e-004	6.17e-004	1.09e-005	3.57e-003	4.15e-008	1.54e-007	2.25e-004	9.95e-001	
4.33e-009	2.53e-011	3.23e-008	6.59e-199	3.19e-007	1.13e-007	6.59e-008	1.65e-007	3.91e-200	1.01e-003	6.40e-004	1.16e-005	3.68e-003	4.25e-008	1.58e-007	2.24e-004	9.94e-001	
4.77e-009	2.69e-011	3.38e-008	4.06e-196	3.27e-007	1.18e-007	6.73e-008	1.67e-007	2.36e-197	1.05e-003	6.62e-004	1.21e-005	3.78e-003	4.32e-008	1.60e-007	2.23e-004	9.94e-001	
5.20e-009	2.84e-011	3.53e-008	2.46e-193	3.35e-007	1.24e-007	6.87e-008	1.70e-007	1.40e-194	1.08e-003	6.85e-004	1.27e-005	3.89e-003	4.36e-008	1.63e-007	2.22e-004	9.94e-001	
5.65e-009	3.00e-011	3.67e-008	1.45e-190	3.43e-007	1.29e-007	7.01e-008	1.72e-007	8.16e-192	1.11e-003	7.06e-004	1.33e-005	3.99e-003	4.39e-008	1.65e-007	2.21e-004	9.94e-001	
6.14e-009	3.15e-011	3.81e-008	8.43e-188	3.51e-007	1.34e-007	7.14e-008	1.74e-007	4.67e-189	1.14e-003	7.28e-004	1.39e-005	4.09e-003	4.41e-008	1.66e-007	2.20e-004	9.94e-001	
6.64e-009	3.28e-011	3.94e-008	4.79e-185	3.58e-007	1.39e-007	7.26e-008	1.76e-007	2.63e-186	1.17e-003	7.48e-004	1.44e-005	4.19e-003	4.40e-008	1.67e-007	2.19e-004	9.94e-001	
7.14e-009	3.42e-011	4.06e-008	2.66e-182	3.65e-007	1.44e-007	7.37e-008	1.78e-007	1.45e-183	1.20e-003	7.68e-004	1.49e-005	4.28e-003	4.39e-008	1.68e-007	2.18e-004	9.94e-001	
7.64e-009	3.53e-011	4.18e-008	1.45e-179	3.72e-007	1.48e-007	7.48e-008	1.80e-007	7.90e-181	1.23e-003	7.87e-004	1.54e-005	4.37e-003	4.36e-008	1.68e-007	2.17e-004	9.93e-001	
8.12e-009	3.62e-011	4.27e-008	7.71e-177	3.78e-007	1.53e-007	7.58e-008	1.82e-007	4.21e-178	1.26e-003	8.05e-004	1.59e-005	4.46e-003	4.32e-008	1.67e-007	2.16e-004	9.93e-001	
8.60e-009	3.73e-011	4.37e-008	4.02e-174	3.84e-007	1.57e-007	7.67e-008	1.83e-007	2.21e-175	1.28e-003	8.22e-004	1.63e-005	4.54e-003	4.29e-008	1.67e-007	2.15e-004	9.93e-001	
9.08e-009	3.82e-011	4.46e-008	2.05e-171	3.90e-007	1.61e-007	7.76e-008	1.85e-007	1.14e-172	1.31e-003	8.38e-004	1.68e-005	4.61e-003	4.25e-008	1.66e-007	2.15e-004	9.93e-001	
9.53e-009	3.89e-011	4.54e-008	1.02e-168	3.95e-007	1.64e-007	7.84e-008	1.86e-007	5.75e-170	1.33e-003	8.53e-004	1.71e-005	4.68e-003	4.21e-008	1.64e-007	2.14e-004	9.93e-001	
9.96e-009	3.96e-011	4.61e-008	5.01e-166	4.00e-007	1.68e-007	7.91e-008	1.87e-007	2.86e-167	1.35e-003	8.66e-004	1.75e-005	4.74e-003	4.18e-008	1.63e-007	2.13e-004	9.93e-001	
1.04e-008	4.01e-011	4.68e-008	2.39e-163	4.04e-007	1.71e-007	7.98e-008	1.88e-007	1.40e-164	1.37e-003	8.78e-004	1.78e-005	4.79e-003	4.15e-008	1.62e-007	2.12e-004	9.93e-001	
1.07e-008	4.05e-011	4.73e-008	1.12e-160	4.08e-007	1.73e-007	8.03e-008	1.89e-007	6.70e-162	1.38e-003	8.89e-004	1.81e-005	4.84e-003	4.15e-008	1.60e-007	2.12e-004	9.93e-001	
1.11e-008	4.09e-011	4.77e-008	5.12e-158	4.11e-007	1.76e-007	8.08e-008	1.90e-007	3.16e-159	1.40e-003	8.98e-004	1.83e-005	4.88e-003	4.12e-008	1.59e-007	2.11e-004	9.93e-001	
1.14e-008	4.12e-011	4.81e-008	2.29e-155	4.14e-007	1.77e-007	8.12e-008	1.90e-007	1.46e-156	1.41e-003	9.06e-004	1.85e-005	4.91e-003	4.11e-008	1.58e-007	2.11e-004	9.93e-001	
1.16e-008	4.13e-011	4.84e-008	1.00e-152	4.16e-007	1.79e-007	8.16e-008	1.91e-007	6.64e-154	1.42e-003	9.12e-004	1.87e-005	4.94e-003	4.10e-008	1.56e-007	2.10e-004	9.92e-001	
1.18e-008	4.13e-011	4.85e-008	4.30e-150	4.18e-007	1.80e-007	8.19e-008	1.91e-007	2.97e-151	1.43e-003	9.16e-004	1.88e-005	4.96e-003	4.08e-008	1.55e-007	2.10e-004	9.92e-001	
1.20e-008	4.12e-011	4.86e-008	1.80e-147	4.19e-007	1.81e-007	8.21e-008	1.92e-007	1.30e-148	1.43e-003	9.19e-004	1.89e-005	4.96e-003	4.08e-008	1.54e-007	2.09e-004	9.92e-001	
1.21e-008	4.10e-011	4.86e-008	7.39e-145	4.19e-007	1.81e-007	8.22e-008	1.92e-007	5.62e-146	1.43e-003	9.20e-004	1.89e-005	4.97e-003	4.07e-008	1.53e-007	2.09e-004	9.92e-001	
1.22e-008	4.07e-011	4.85e-008	2.96e-142	4.20e-007	1.81e-007	8.22e-008	1.92e-007	2.38e-143	1.43e-003	9.20e-004	1.89e-005	4.96e-003	4.04e-008	1.52e-007	2.09e-004	9.92e-001	
1.23e-008	4.03e-011	4.83e-008	1.16e-139	4.19e-007	1.80e-007	8.22e-008	1.92e-007	9.91e-141	1.43e-003	9.17e-004	1.88e-005	4.94e-003	4.02e-008	1.51e-007	2.09e-004	9.92e-001	
1.23e-008	3.99e-011	4.79e-008	4.47e-137	4.18e-007	1.79e-007	8.20e-008	1.92e-007	4.05e-138	1.42e-003	9.13e-004	1.87e-005	4.91e-003	3.99e-008	1.50e-007	2.09e-004	9.93e-001	
1.22e-008	3.92e-011	4.75e-008	1.68e-134	4.16e-007	1.77e-007	8.18e-008	1.92e-007	1.63e-135	1.41e-003	9.06e-004	1.85e-005	4.87e-003	3.95e-008	1.50e-007	2.09e-004	9.93e-001	
1.22e-008	3.84e-011	4.70e-008	6.17e-132	4.13e-007	1.75e-007	8.15e-008	1.91e-007	6.43e-133	1.39e-003	8.97e-004	1.83e-005	4.82e-003	3.91e-008	1.49e-007	2.09e-004	9.93e-001	
1.21e-008	3.75e-011	4.63e-008	2.22e-129	4.10e-007	1.73e-007	8.10e-008	1.91e-007	2.49e-130	1.37e-003	8.86e-004	1.80e-005	4.76e-003	3.85e-008	1.48e-007	2.10e-004	9.93e-001	
1.19e-008	3.66e-011	4.56e-008	7.82e-127	4.06e-007	1.69e-007	8.05e-008	1.90e-007	9.50e-128	1.35e-003	8.73e-004	1.77e-005	4.69e-003	3.78e-008	1.48e-007	2.10e-004	9.93e-001	
1.17e-008	3.56e-011	4.48e-008	2.70e-124	4.02e-007	1.65e-007	7.98e-008	1.89e-007	3.56e-125	1.32e-003	8.57e-004	1.73e-005	4.61e-003	3.69e-008	1.47e-007	2.11e-004	9.93e-001	
1.15e-008	3.43e-011	4.37e-008	9.10e-122	3.96e-007	1.61e-007	7.90e-008	1.88e-007	1.31e-122	1.30e-003	8.39e-004	1.68e-005	4.51e-003	3.59e-008	1.46e-007	2.11e-004	9.93e-001	
1.12e-008	3.32e-011	4.26e-008	3.01e-119	3.89e-007	1.56e-007	7.80e-008	1.87e-007	4.72e-120	1.26e-003	8.18e-004	1.63e-005	4.40e-003	3.48e-008	1.45e-007	2.12e-004	9.93e-001	
1.08e-008	3.17e-011	4.12e-008	9.72e-117	3.82e-007	1.50e-007	7.68e-008	1.85e-007	1.67e-117	1.23e-003	7.94e-004	1.57e-005	4.28e-003	3.37e-008	1.43e-007	2.12e-004	9.93e-001	
1.04e-008	2.96e-011	3.93e-008	3.08e-114	3.73e-007	1.44e-007	7.54e-008	1.84e-007	5.81e-115	1.19e-003	7.69e-004	1.50e-005	4.15e-003	3.27e-008	1.41e-007	2.13e-004	9.94e-001	
1.01e-008	2.76e-011	3.76e-008	9.55e-112	3.64e-007	1.37e-007	7.39e-008	1.81e-007	1.98e-112	1.14e-003	7.40e-004	1.43e-005	4.00e-003	3.15e-008	1.38e-007	2.13e-004	9.94e-001	
9.80e-009	2.54e-011	3.58e-008	2.90e-109	3.53e-007	1.30e-007	7.21e-008	1.79e-007	6.64e-110	1.10e-003	7.10e-004	1.35e-005	3.85e-003	3.03e-008	1.35e-007	2.14e-004	9.94e-001	
9.54e-009	2.31e-011	3.38e-008	8.62e-107	3.42e-007	1.22e-007	7.00e-008	1.75e-007	2.18e-107	1.05e-003	6.78e-004	1.27e-005	3.68e-003	2.90e-008	1.30e-007	2.14e-004	9.94e-001	
9.35e-009	2.12e-011	3.20e-008	2.51e-104	3.29e-007	1.13e-007	6.77e-008	1.71e-007	6.99e-105	1.00e-003	6.44e-004	1.18e-005	3.50e-003	2.74e-008	1.25e-007	2.14e-004	9.95e-001	
9.13e-009	1.93e-011	3.00e-008	7.15e-102	3.16e-007	1.05e-007	6.52e-008	1.67e-007	2.20e-102	9.47e-004	6.08e-004	1.09e-005	3.32e-003	2.54e-008	1.19e-007	2.14e-004	9.95e-001	
8.83e-009	1.77e-011	2.81e-008	1.99e-099	3.01e-007	9.55e-008	6.24e-008	1.62e-007	6.76e-100	8.93e-004	5.71e-004	9.88e-006	3.13e-003	2.31e-008	1.12e-007	2.13e-004	9.95e-001	
8.30e-009	1.57e-011	2.56e-008	5.44e-097	2.85e-007	8.62e-008	5.94e-008	1.57e-007	2.03e-097	8.38e-004	5.33e-004	8.84e-006	2.94e-003	2.07e-008	1.03e-007	2.12e-004	9.95e-001	
7.64e-009	1.32e-011	2.26e-008	1.45e-094	2.68e-007	7.71e-008	5.62e-008	1.51e-007	5.96e-095	7.82e-004	4.95e-004	7.82e-006	2.74e-003	1.85e-008	9.39e-008	2.11e-004	9.96e-001	
6.97e-009	1.06e-011	1.95e-008	3.78e-092	2.51e-007	6.82e-008	5.27e-008	1.44e-007	1.70e-092	7.27e-004	4.58e-004	6.85e-006	2.54e-003	1.67e-008	8.42e-008	2.09e-004	9.96e-001	
6.42e-009	8.28e-012	1.66e-008	9.63e-090	2.34e-007	5.99e-008	4.91e-008	1.37e-007	4.74e-090	6.72e-004	4.21e-004	5.94e-006	2.35e-003	1.49e-008	7.45e-008	2.06e-004	9.96e-001	
6.04e-009	6.43e-012	1.41e-008	2.39e-087	2.17e-007	5.19e-008	4.53e-008	1.29e-007	1.28e-087	6.18e-004	3.86e-004	5.08e-006	2.16e-003	1.29e-008	6.50e-008	2.03e-004	9.97e-001	
5.75e-009	5.11e-012	1.22e-008	5.79e-085	2.00e-007	4.43e-008	4.15e-008	1.21e-007	3.36e-085	5.66e-004	3.52e-004	4.27e-006	1.97e-003	1.07e-008	5.59e-008	1.99e-004	9.97e-001	
5.39e-009	4.11e-012	1.07e-008	1.36e-082	1.83e-007	3.69e-008	3.75e-008	1.12e-007	8.54e-083	5.15e-004	3.20e-004	3.49e-006	1.80e-003	8.41e-009	4.71e-008	1.95e-004	9.97e-001	
4.79e-009	3.25e-012	9.09e-009	3.12e-080	1.65e-007	3.01e-008	3.37e-008	1.03e-007	2.10e-080	4.67e-004	2.90e-004	2.76e-006	1.63e-003	6.32e-009	3.89e-008	1.89e-004	9.97e-001	
3.96e-009	2.39e-012	7.25e-009	6.93e-078	1.46e-007	2.39e-008	3.00e-008	9.37e-008	4.97e-078	4.21e-004	2.62e-004	2.12e-006	1.47e-003	4.76e-009	3.12e-008	1.84e-004	9.98e-001	
3.09e-009	1.61e-012	5.40e-009	1.49e-075	1.28e-007	1.88e-008	2.64e-008	8.52e-008	1.13e-075	3.78e-004	2.36e-004	1.60e-006	1.32e-003	3.46e-009	2.42e-008	1.77e-004	9.98e-001	
2.34e-009	1.02e-012	3.81e-009	3.10e-073	1.11e-007	1.46e-008	2.32e-008	7.72e-008	2.48e-073	3.38e-004	2.12e-004	1.19e-006	1.18e-003	2.53e-009	1.83e-008	1.70e-004	9.98e-001	
1.77e-009	6.12e-013	2.61e-009	6.20e-071	9.68e-008	1.14e-008	2.01e-008	6.96e-008	5.19e-071	3.01e-004	1.91e-004	8.88e-007	1.05e-003	1.88e-009	1.37e-008	1.62e-004	9.98e-001	
1.35e-009	3.61e-013	1.75e-009	1.19e-068	8.41e-008	8.76e-009	1.72e-008	6.24e-008	1.04e-068	2.68e-004	1.72e-004	6.58e-007	9.36e-004	1.47e-009	1.01e-008	1.54e-004	9.98e-001	
1.04e-009	2.11e-013	1.17e-009	2.20e-066	7.29e-008	6.70e-009	1.45e-008	5.57e-008	1.98e-066	2.38e-004	1.56e-004	4.84e-007	8.31e-004	1.14e-009	7.40e-009	1.46e-004	9.99e-001	
7.95e-010	1.23e-013	7.88e-010	3.87e-064	6.31e-008	5.08e-009	1.21e-008	4.92e-008	3.60e-064	2.10e-004	1.40e-004	3.52e-007	7.36e-004	8.84e-010	5.38e-009	1.37e-004	9.99e-001	
6.03e-010	7.20e-014	5.31e-010	6.50e-062	5.44e-008	3.80e-009	9.99e-009	4.32e-008	6.20e-062	1.86e-004	1.27e-004	2.53e-007	6.50e-004	6.67e-010	3.88e-009	1.29e-004	9.99e-001	
4.52e-010	4.24e-014	3.60e-010	1.03e-059	4.66e-008	2.81e-009	8.09e-009	3.75e-008	1.01e-059	1.63e-004	1.14e-004	1.80e-007	5.73e-004	4.81e-010	2.77e-009	1.20e-004	9.99e-001	
3.30e-010	2.51e-014	2.45e-010	1.56e-057	3.97e-008	2.04e-009	6.44e-009	3.23e-008	1.54e-057	1.43e-004	1.03e-004	1.26e-007	5.04e-004	3.37e-010	1.95e-009	1.11e-004	9.99e-001	
2.35e-010	1.47e-014	1.66e-010	2.21e-055	3.35e-008	1.47e-009	5.04e-009	2.75e-008	2.21e-055	1.26e-004	9.22e-005	8.68e-008	4.42e-004	2.25e-010	1.36e-009	1.03e-004	9.99e-001	
1.65e-010	8.63e-015	1.12e-010	2.93e-053	2.80e-008	1.04e-009	3.87e-009	2.31e-008	2.96e-053	1.10e-004	8.26e-005	5.93e-008	3.87e-004	1.49e-010	9.39e-010	9.44e-005	9.99e-001	
1.13e-010	5.02e-015	7.52e-011	3.62e-051	2.32e-008	7.26e-010	2.93e-009	1.93e-008	3.68e-051	9.56e-005	7.37e-005	4.01e-008	3.38e-004	9.72e-011	6.42e-010	8.64e-005	9.99e-001	
7.60e-011	2.90e-015	5.01e-011	4.15e-049	1.89e-008	5.03e-010	2.18e-009	1.59e-008	4.21e-049	8.31e-005	6.54e-005	2.71e-008	2.95e-004	6.33e-011	4.35e-010	7.88e-005	9.99e-001	
5.06e-011	1.65e-015	3.30e-011	4.36e-047	1.53e-008	3.46e-010	1.59e-009	1.30e-008	4.42e-047	7.22e-005	5.77e-005	1.82e-008	2.58e-004	4.17e-011	2.93e-010	7.17e-005	1.00e+000	
3.38e-011	9.30e-016	2.15e-011	4.19e-045	1.22e-008	2.37e-010	1.14e-009	1.05e-008	4.22e-045	6.26e-005	5.05e-005	1.22e-008	2.25e-004	2.74e-011	1.95e-010	6.51e-005	1.00e+000	
2.27e-011	5.16e-016	1.37e-011	3.62e-043	9.65e-009	1.61e-010	8.05e-010	8.33e-009	3.62e-043	5.43e-005	4.38e-005	8.24e-009	1.96e-004	1.83e-011	1.29e-010	5.91e-005	1.00e+000	
1.52e-011	2.81e-016	8.63e-012	2.79e-041	7.52e-009	1.09e-010	5.61e-010	6.54e-009	2.76e-041	4.73e-005	3.75e-005	5.53e-009	1.72e-004	1.24e-011	8.37e-011	5.37e-005	1.00e+000	
1.03e-011	1.49e-016	5.27e-012	1.89e-039	5.78e-009	7.30e-011	3.85e-010	5.05e-009	1.84e-039	4.13e-005	3.16e-005	3.69e-009	1.51e-004	8.45e-012	5.35e-011	4.90e-005	1.00e+000	
7.03e-012	7.64e-017	3.09e-012	1.10e-037	4.39e-009	4.82e-011	2.61e-010	3.83e-009	1.05e-037	3.65e-005	2.60e-005	2.44e-009	1.34e-004	5.72e-012	3.33e-011	4.50e-005	1.00e+000	
4.80e-012	3.73e-017	1.70e-012	5.34e-036	3.30e-009	3.11e-011	1.75e-010	2.85e-009	5.04e-036	3.26e-005	2.08e-005	1.59e-009	1.21e-004	3.84e-012	2.00e-011	4.18e-005	1.00e+000	
3.21e-012	1.68e-017	8.56e-013	2.08e-034	2.48e-009	1.93e-011	1.17e-010	2.06e-009	1.94e-034	2.97e-005	1.58e-005	1.00e-009	1.10e-004	2.54e-012	1.14e-011	3.94e-005	1.00e+000	
1.94e-012	6.55e-018	3.63e-013	6.14e-033	1.90e-009	1.12e-011	7.65e-011	1.41e-009	5.65e-033	2.78e-005	1.10e-005	5.94e-010	1.03e-004	1.63e-012	5.89e-012	3.78e-005	1.00e+000	
7.78e-013	1.82e-018	1.06e-013	1.23e-031	1.31e-009	5.15e-012	4.18e-011	7.82e-010	1.13e-031	2.67e-005	6.31e-006	2.76e-010	9.81e-005	8.82e-013	2.33e-012	3.69e-005	1.00e+000	
1.00e-030	1.00e-030	1.00e-030	1.00e-030	1.00e-030	1.00e-030	1.00e-030	1.00e-030	1.00e-030	2.66e-005	2.88e-006	2.14e-011	9.67e-005	6.77e-014	1.79e-013	3.69e-005	1.00e+000	

Ngas,cm-3	Tgas,K	Te,K	Te,eV
1.61e+018	300.00	300.0	0.026
1.61e+018	300.03	1804471877.4	155490.899
1.61e+018	300.08	5503545340.8	474239.150
1.61e+018	300.13	11334471257.5	976688.605
1.61e+018	300.17	19523193851.3	1682308.820
1.61e+018	300.22	29781800473.3	2566290.433
1.61e+018	300.27	41908755012.1	3611267.127
1.61e+018	300.32	56812048969.3	4895480.308
1.61e+018	300.38	76691986551.4	6608529.647
1.61e+018	300.43	104988471568.2	9046830.812
1.61e+018	300.49	146387366716.7	12614163.440
1.61e+018	300.56	207289762022.2	17862107.886
1.61e+018	300.63	296174777901.7	25521307.876
1.61e+018	300.70	423787769852.5	36517688.053
1.61e+018	300.77	603365818556.9	51991884.408
1.61e+018	300.85	850200828865.8	73261596.628
1.61e+018	300.94	1178926374141.7	101587796.135
1.60e+018	301.02	1601388343425.2	137991240.278
1.60e+018	301.11	2127045747365.6	183287009.683
1.60e+018	301.21	2762411348561.4	238036307.502
1.60e+018	301.30	3504585665507.2	301989286.127
1.60e+018	301.40	4345358143089.4	374438444.040
1.60e+018	301.51	5282164718896.5	455162836.613
1.60e+018	301.61	6318098191492.2	544428969.538
1.60e+018	301.72	7453696959170.2	642283236.464
1.60e+018	301.83	8692493509246.1	749030030.956
1.60e+018	301.94	10048964500659.9	865916803.159
1.60e+018	302.05	11541832255332.4	994556850.955
1.60e+018	302.17	13198213114508.4	1137286782.810
1.60e+018	302.28	15042865417914.6	1296240018.778
1.60e+018	302.40	17114400737504.6	1474743708.531
1.60e+018	302.51	19436864119346.7	1674869807.785
1.60e+018	302.63	22016258279338.0	1897135569.094
1.60e+018	302.75	24881522282567.6	2144034664.590
1.59e+018	302.87	28049178923839.3	2416990859.443
1.59e+018	302.99	31531752362502.8	2717083357.389
1.59e+018	303.11	35338495753829.5	3045109500.545
1.59e+018	303.23	39474262512080.4	3401487506.427
1.59e+018	303.35	43939944753367.2	3786294248.459
1.59e+018	303.47	48734701760717.9	4199457282.268
1.59e+018	303.59	53855640096080.9	4640727281.007
1.59e+018	303.71	59337113954541.4	5113064537.229
1.59e+018	303.83	65120316780375.4	5611401704.470
1.59e+018	303.96	71201976548303.8	6135456833.115
1.59e+018	304.08	77677791912982.8	6693476252.734
1.59e+018	304.21	84546684016384.2	7285366998.396
1.59e+018	304.33	91839304786817.9	7913770339.235
1.59e+018	304.46	99598347434875.0	8582365138.723
1.59e+018	304.59	107877696250096.1	9295794592.856
1.59e+018	304.72	116739473286663.9	10059411743.788
1.58e+018	304.85	126248425824329.2	10878795848.714
1.58e+018	304.98	136476916824615.8	11760182406.257
1.58e+018	305.11	147504722879257.2	12710445745.735
1.58e+018	305.25	159421727759526.5	13737331129.645
1.58e+018	305.38	172232123035296.4	14841199744.532
1.58e+018	305.52	186220453061332.2	16046570707.568
1.58e+018	305.66	201540904321998.0	17366730230.245
1.58e+018	305.80	218112008468931.2	18794658204.992
1.58e+018	305.94	236152635889213.9	20349214639.312
1.58e+018	306.09	255805273184062.2	22042677568.640
1.58e+018	306.23	277214371597767.2	23887494321.221
1.58e+018	306.38	300526293604732.3	25896276915.531
1.58e+018	306.53	325882249675691.7	28081193423.153
1.58e+018	306.68	353423543744036.6	30454419969.327
1.57e+018	306.84	383303718994545.6	33029187332.576
1.57e+018	306.99	415701488467522.0	35820895171.695
1.57e+018	307.15	450798270328983.3	38845176245.496
1.57e+018	307.31	488805720967519.4	42120268933.005
1.57e+018	307.48	529949081451536.9	45665582201.770
1.57e+018	307.64	574478216670052.9	49502646847.915
1.57e+018	307.81	622676337684861.0	53655867099.083
1.57e+018	307.98	674856122894657.3	58152186376.101
1.57e+018	308.15	731358226011467.4	63020958725.676
1.57e+018	308.33	792572165668893.4	68295748872.804
1.57e+018	308.51	858887057672470.9	74010086830.889
1.56e+018	308.69	930718540548608.5	80199788069.678
1.56e+018	308.87	1008520138308421.4	86903932641.829
1.56e+018	309.06	1092779376471367.9	94164530501.626
1.56e+018	309.25	1184012559446186.5	102026071473.174
1.56e+018	309.44	1282799658600472.5	110538531546.788
1.56e+018	309.64	1389762360269339.5	119755481281.287
1.56e+018	309.84	1505546832778452.7	129732600842.607
1.56e+018	310.05	1630783381717390.2	140524203508.608
1.56e+018	310.26	1766216170552926.0	152194413662.467
1.56e+018	310.47	1912651620276155.5	164812720402.943
1.55e+018	310.69	2070887485338652.0	178447866035.213
1.55e+018	310.91	2241863566494769.7	193180832959.480
1.55e+018	311.14	2426606839126898.5	209100115392.236
1.55e+018	311.38	2626183988779818.0	226297629364.913
1.55e+018	311.62	2841758480977969.5	244873630416.025
1.55e+018	311.86	3074624906556607.5	264939673119.914
1.55e+018	312.12	3326434411934574.5	286638036357.999
1.55e+018	312.38	3598735051522152.0	310102115598.634
1.55e+018	312.65	3893243115213079.5	335479803120.472
1.54e+018	312.92	4211687326956485.0	362920062641.662
1.54e+018	313.21	4556296976663309.0	392614991526.352
1.54e+018	313.50	4929427486094302.0	424767555889.212
1.54e+018	313.81	5333803435432113.0	459612532135.469
1.54e+018	314.13	5772299171213004.0	497397602000.259
1.54e+018	314.46	6247893323177737.0	538379433276.841
1.53e+018	314.80	6763166397084566.0	582780387512.673
1.53e+018	315.16	7320871961174246.0	630837739006.829
1.53e+018	315.54	7923154297265990.0	682736259997.069
1.53e+018	315.93	8571246093274085.0	738582170898.241
1.53e+018	316.34	9265260586491854.0	798385229340.099
1.52e+018	316.78	10002071671523158.0	861876059588.381
1.52e+018	317.23	10775710978268394.0	928540368657.337
1.52e+018	317.71	11586445248640530.0	998401141632.101
1.52e+018	318.22	12408917857553198.0	1069273404356.157
1.52e+018	318.75	13234295063399730.0	1140395955484.682
1.51e+018	319.32	14073610822085552.0	1212719588288.285
1.51e+018	319.91	14908202195182366.0	1284636121945.917
1.51e+018	320.54	15729693925923020.0	1355423862638.778
1.50e+018	321.20	16529079640207664.0	1424306733322.504
1.50e+018	321.90	17298335813866864.0	1490593348889.863
1.50e+018	322.63	18015990957498472.0	1552433516372.122
1.49e+018	323.40	18700621448145928.0	1611427957617.055
1.49e+018	324.21	19354008150523844.0	1667730129299.771
1.49e+018	325.05	19935053737239656.0	1717798684811.690
1.48e+018	325.93	20454832592160924.0	1762587901090.989
1.48e+018	326.85	20975591403294020.0	1807461559956.400
1.47e+018	327.79	21454878927845040.0	1848761648241.710
1.47e+018	328.77	21948382425710336.0	1891286723456.298
1.46e+018	329.77	22456511199993208.0	1935072055148.058
1.46e+018	330.79	22891663674574336.0	1972569037016.315
1.46e+018	331.84	23274339735805716.0	2005544139233.582
1.45e+018	332.90	23696569992072516.0	2041927616723.181
1.45e+018	333.97	24120003252997176.0	2078414756828.710
1.44e+018	335.05	24543198676614220.0	2114881402551.850
1.44e+018	336.13	25007005142808060.0	2154847491840.419
1.43e+018	337.21	25618919574218304.0	2207576008118.768
1.43e+018	338.28	26244658536547108.0	2261495780831.289
1.42e+018	339.33	26785264483233572.0	2308079662493.199
1.42e+018	340.37	27485110844704148.0	2368385251590.190
1.41e+018	341.38	28318920815769080.0	2440234452026.633
1.41e+018	342.36	29191311365734072.0	2515408131472.130
1.41e+018	343.31	30093830783627136.0	2593178008067.827
1.40e+018	344.23	30987547903260604.0	2670189392784.197
1.40e+018	345.10	31952638132113412.0	2753350980793.918
1.40e+018	345.92	33009592572728700.0	2844428485370.849
1.39e+018	346.69	34146894820191364.0	2942429540731.699
1.39e+018	347.41	35416883920782264.0	3051864189640.867
1.39e+018	348.06	36841437520044064.0	3174617623441.970
1.39e+018	348.65	38413620967243552.0	3310092284984.365
1.38e+018	349.17	40196127286504480.0	3463690416760.403
1.38e+018	349.62	42265906530301840.0	3642042785894.170
1.38e+018	350.00	44665909970242176.0	3848850492911.864
1.38e+018	350.29	47517431504945704.0	4094565403269.772
1.38e+018	350.50	50903233558645288.0	4386319134738.930
1.38e+018	350.62	54866362868496088.0	4727821014088.418
1.38e+018	350.65	59563179387380544.0	5132544540058.643
1.38e+018	350.58	65112340974504792.0	5610714431236.949
1.38e+018	350.41	71686012983238720.0	6177166133842.199
1.38e+018	350.14	79520967733462048.0	6852302260530.982
1.38e+018	349.76	88839428159708896.0	7655271706997.750
1.38e+018	349.27	99606906369324704.0	8583102660002.129
1.39e+018	348.67	111833743740523940.0	9636686233565.182
1.39e+018	347.94	125715944109248210.0	10832912030094.633
1.39e+018	347.10	141478048691416820.0	12191128711022.561
1.40e+018	346.14	159205802763303780.0	13718724925747.848
1.40e+018	345.05	179394998088360990.0	15458422928768.721
1.40e+018	343.84	203535690040562530.0	17538620425727.061
1.41e+018	342.52	232828293419063780.0	20062756865063.660
1.42e+018	341.08	268109455240500220.0	23102925914735.047
1.42e+018	339.53	312146068368692480.0	26897550053312.578
1.43e+018	337.89	366164664956130370.0	31552319255159.875
1.44e+018	336.15	428285291460876220.0	36905238385254.305
1.44e+018	334.33	496265002773636540.0	42763033414359.031
1.45e+018	332.45	566458587743050240.0	48811597392766.070
1.46e+018	330.52	644257268411612800.0	55515490599880.461
1.47e+018	328.56	744333721005155710.0	64139053942710.531
1.48e+018	326.60	887893293148501380.0	76509547018397.359
1.49e+018	324.65	1101072395410298200.0	94879137906962.359
1.50e+018	322.72	1408073119517892900.0	121333314908909.340
1.51e+018	320.84	1804509447548449800.0	155494135936962.500
1.51e+018	319.03	2250517108161250000.0	193926506519711.340
1.52e+018	317.28	2717368235053848100.0	234154953472972.690
1.53e+018	315.62	3241717730156769300.0	279338020694249.810
1.54e+018	314.07	3893388391780561400.0	335492321566614.500
1.55e+018	312.62	4782707641241625600.0	412124742890273.620
1.55e+018	311.28	6054010483963233300.0	521672596636211.440
1.56e+018	310.05	7824626734717141000.0	674246164129008.250
1.56e+018	308.93	10275811627762577000.0	885464164391432.750
1.57e+018	307.91	13556162949918589000.0	1168131232220473.000
1.57e+018	306.99	17943981505424415000.0	1546228479571255.000
1.58e+018	306.15	23553387295507390000.0	2029589598923515.000
1.58e+018	305.40	30341855057726591000.0	2614550198856233.500
1.59e+018	304.71	38176697194412458000.0	3289676621664150.000
1.59e+018	304.10	46507265636607066000.0	4007519658475404.500
1.59e+018	303.55	54119262244273218000.0	4663443536774943.000
1.59e+018	303.06	59641450501575221000.0	5139289142746680.000
1.60e+018	302.62	62117700475655881000.0	5352666994886332.000
1.60e+018	302.23	61119854261429731000.0	5266682831661330.000
1.60e+018	301.88	56570516304941441000.0	4874667497194437.000
1.60e+018	301.56	48982054983626351000.0	4220771648739884.000
1.60e+018	301.28	39889028246938231000.0	3437227767939528.500
1.60e+018	301.02	30888291315335602000.0	2661636476978509.500
1.61e+018	300.79	22924161481312698000.0	1975369365042024.700
1.61e+018	300.57	16299124825162123000.0	1404491583383207.500
1.61e+018	300.36	11043290522077051000.0	951597632234127.620
1.61e+018	300.15	7131494746439254000.0	614519150921090.370
1.61e+018	300.00	300.0	0.026

Fi,V	Er/N,Td	Er,V/cm	0.000e+000	-1.689e+001	-2.720e+002
1.020e+000	-1.709e+001	-2.751e+002
2.396e+000	-1.726e+001	-2.778e+002
3.785e+000	-1.741e+001	-2.803e+002
5.186e+000	-1.754e+001	-2.823e+002
6.597e+000	-1.763e+001	-2.837e+002
8.016e+000	-1.767e+001	-2.842e+002
9.437e+000	-1.764e+001	-2.837e+002
1.086e+001	-1.754e+001	-2.820e+002
1.227e+001	-1.736e+001	-2.792e+002
1.366e+001	-1.711e+001	-2.751e+002
1.504e+001	-1.678e+001	-2.697e+002
1.638e+001	-1.637e+001	-2.631e+002
1.770e+001	-1.589e+001	-2.553e+002
1.898e+001	-1.535e+001	-2.465e+002
2.021e+001	-1.475e+001	-2.369e+002
2.139e+001	-1.412e+001	-2.266e+002
2.253e+001	-1.347e+001	-2.161e+002
2.361e+001	-1.281e+001	-2.055e+002
2.463e+001	-1.216e+001	-1.950e+002
2.561e+001	-1.153e+001	-1.848e+002
2.653e+001	-1.092e+001	-1.750e+002
2.741e+001	-1.034e+001	-1.657e+002
2.824e+001	-9.796e+000	-1.569e+002
2.902e+001	-9.295e+000	-1.488e+002
2.977e+001	-8.849e+000	-1.416e+002
3.047e+001	-8.472e+000	-1.355e+002
3.115e+001	-8.165e+000	-1.306e+002
3.180e+001	-7.922e+000	-1.266e+002
3.244e+001	-7.735e+000	-1.236e+002
3.306e+001	-7.596e+000	-1.213e+002
3.366e+001	-7.497e+000	-1.197e+002
3.426e+001	-7.434e+000	-1.187e+002
3.485e+001	-7.398e+000	-1.180e+002
3.544e+001	-7.387e+000	-1.178e+002
3.603e+001	-7.394e+000	-1.179e+002
3.662e+001	-7.413e+000	-1.181e+002
3.721e+001	-7.441e+000	-1.185e+002
3.781e+001	-7.475e+000	-1.190e+002
3.840e+001	-7.508e+000	-1.195e+002
3.900e+001	-7.541e+000	-1.200e+002
3.960e+001	-7.570e+000	-1.204e+002
4.020e+001	-7.598e+000	-1.208e+002
4.080e+001	-7.623e+000	-1.211e+002
4.141e+001	-7.643e+000	-1.214e+002
4.202e+001	-7.656e+000	-1.216e+002
4.263e+001	-7.663e+000	-1.216e+002
4.323e+001	-7.665e+000	-1.216e+002
4.384e+001	-7.663e+000	-1.215e+002
4.445e+001	-7.656e+000	-1.214e+002
4.506e+001	-7.647e+000	-1.212e+002
4.566e+001	-7.635e+000	-1.209e+002
4.627e+001	-7.620e+000	-1.206e+002
4.687e+001	-7.603e+000	-1.203e+002
4.747e+001	-7.586e+000	-1.200e+002
4.807e+001	-7.566e+000	-1.196e+002
4.867e+001	-7.545e+000	-1.192e+002
4.927e+001	-7.524e+000	-1.188e+002
4.986e+001	-7.502e+000	-1.184e+002
5.045e+001	-7.478e+000	-1.180e+002
5.104e+001	-7.454e+000	-1.176e+002
5.163e+001	-7.428e+000	-1.171e+002
5.222e+001	-7.400e+000	-1.166e+002
5.280e+001	-7.372e+000	-1.161e+002
5.338e+001	-7.344e+000	-1.156e+002
5.396e+001	-7.315e+000	-1.151e+002
5.453e+001	-7.285e+000	-1.146e+002
5.511e+001	-7.252e+000	-1.140e+002
5.568e+001	-7.218e+000	-1.134e+002
5.624e+001	-7.185e+000	-1.128e+002
5.681e+001	-7.151e+000	-1.122e+002
5.737e+001	-7.117e+000	-1.116e+002
5.793e+001	-7.083e+000	-1.110e+002
5.848e+001	-7.047e+000	-1.104e+002
5.903e+001	-7.012e+000	-1.098e+002
5.958e+001	-6.978e+000	-1.092e+002
6.013e+001	-6.945e+000	-1.086e+002
6.067e+001	-6.912e+000	-1.080e+002
6.121e+001	-6.881e+000	-1.075e+002
6.175e+001	-6.850e+000	-1.069e+002
6.228e+001	-6.819e+000	-1.064e+002
6.282e+001	-6.788e+000	-1.058e+002
6.334e+001	-6.757e+000	-1.053e+002
6.387e+001	-6.728e+000	-1.047e+002
6.439e+001	-6.697e+000	-1.042e+002
6.492e+001	-6.666e+000	-1.036e+002
6.543e+001	-6.633e+000	-1.031e+002
6.595e+001	-6.598e+000	-1.024e+002
6.646e+001	-6.561e+000	-1.018e+002
6.697e+001	-6.523e+000	-1.011e+002
6.748e+001	-6.488e+000	-1.005e+002
6.798e+001	-6.448e+000	-9.980e+001
6.848e+001	-6.407e+000	-9.907e+001
6.897e+001	-6.363e+000	-9.831e+001
6.946e+001	-6.321e+000	-9.758e+001
6.995e+001	-6.280e+000	-9.685e+001
7.044e+001	-6.244e+000	-9.620e+001
7.092e+001	-6.215e+000	-9.566e+001
7.140e+001	-6.198e+000	-9.531e+001
7.187e+001	-6.195e+000	-9.517e+001
7.235e+001	-6.215e+000	-9.536e+001
7.282e+001	-6.259e+000	-9.593e+001
7.330e+001	-6.336e+000	-9.699e+001
7.379e+001	-6.450e+000	-9.861e+001
7.428e+001	-6.599e+000	-1.008e+002
7.479e+001	-6.786e+000	-1.035e+002
7.530e+001	-7.006e+000	-1.067e+002
7.584e+001	-7.252e+000	-1.103e+002
7.639e+001	-7.516e+000	-1.141e+002
7.696e+001	-7.775e+000	-1.178e+002
7.755e+001	-8.014e+000	-1.212e+002
7.815e+001	-8.205e+000	-1.239e+002
7.877e+001	-8.309e+000	-1.252e+002
7.940e+001	-8.295e+000	-1.247e+002
8.002e+001	-8.125e+000	-1.219e+002
8.063e+001	-7.763e+000	-1.162e+002
8.121e+001	-7.171e+000	-1.071e+002
8.175e+001	-6.335e+000	-9.439e+001
8.222e+001	-5.251e+000	-7.803e+001
8.261e+001	-3.910e+000	-5.794e+001
8.290e+001	-2.318e+000	-3.425e+001
8.307e+001	-4.935e-001	-7.273e+000
8.311e+001	1.554e+000	2.283e+001
8.299e+001	3.811e+000	5.583e+001
8.272e+001	6.265e+000	9.149e+001
8.226e+001	8.883e+000	1.293e+002
8.161e+001	1.164e+001	1.688e+002
8.077e+001	1.452e+001	2.100e+002
7.972e+001	1.750e+001	2.523e+002
7.846e+001	2.054e+001	2.951e+002
7.698e+001	2.360e+001	3.381e+002
7.529e+001	2.667e+001	3.809e+002
7.339e+001	2.974e+001	4.233e+002
7.127e+001	3.276e+001	4.650e+002
6.894e+001	3.572e+001	5.055e+002
6.642e+001	3.861e+001	5.447e+002
6.369e+001	4.143e+001	5.829e+002
6.078e+001	4.416e+001	6.198e+002
5.768e+001	4.671e+001	6.538e+002
5.441e+001	4.914e+001	6.862e+002
5.098e+001	5.144e+001	7.167e+002
4.740e+001	5.358e+001	7.450e+002
4.367e+001	5.556e+001	7.711e+002
3.982e+001	5.739e+001	7.952e+002
3.584e+001	5.908e+001	8.173e+002
3.175e+001	6.058e+001	8.370e+002
2.757e+001	6.193e+001	8.547e+002
2.329e+001	6.315e+001	8.708e+002
1.894e+001	6.421e+001	8.849e+002
1.452e+001	6.513e+001	8.973e+002
1.003e+001	6.593e+001	9.083e+002
5.488e+000	6.661e+001	9.178e+002
8.992e-001	6.716e+001	9.258e+002
-3.730e+000	6.757e+001	9.322e+002
-8.391e+000	6.782e+001	9.366e+002
-1.307e+001	6.793e+001	9.395e+002
-1.777e+001	6.796e+001	9.415e+002
-2.248e+001	6.792e+001	9.429e+002
-2.719e+001	6.777e+001	9.431e+002
-3.191e+001	6.741e+001	9.407e+002
-3.661e+001	6.706e+001	9.388e+002
-4.131e+001	6.654e+001	9.348e+002
-4.598e+001	6.526e+001	9.203e+002
-5.058e+001	6.408e+001	9.075e+002
-5.512e+001	6.283e+001	8.938e+002
-5.959e+001	6.140e+001	8.777e+002
-6.398e+001	6.039e+001	8.678e+002
-6.832e+001	5.957e+001	8.606e+002
-7.262e+001	5.947e+001	8.641e+002
-7.694e+001	5.915e+001	8.644e+002
-8.126e+001	5.813e+001	8.546e+002
-8.554e+001	5.638e+001	8.339e+002
-8.970e+001	5.421e+001	8.065e+002
-9.374e+001	5.251e+001	7.859e+002
-9.767e+001	5.214e+001	7.850e+002
-1.016e+002	5.333e+001	8.075e+002
-1.056e+002	5.536e+001	8.429e+002
-1.098e+002	5.654e+001	8.653e+002
-1.142e+002	5.606e+001	8.623e+002
-1.185e+002	5.390e+001	8.329e+002
-1.226e+002	5.060e+001	7.853e+002
-1.266e+002	4.684e+001	7.297e+002
-1.302e+002	4.315e+001	6.746e+002
-1.336e+002	3.990e+001	6.259e+002
-1.367e+002	3.735e+001	5.876e+002
-1.397e+002	3.555e+001	5.610e+002
-1.425e+002	3.445e+001	5.450e+002
-1.452e+002	3.390e+001	5.373e+002
-1.479e+002	3.374e+001	5.360e+002
-1.506e+002	3.384e+001	5.385e+002
-1.533e+002	3.407e+001	5.431e+002
-1.560e+002	3.436e+001	5.484e+002
-1.587e+002	3.465e+001	5.538e+002
-1.615e+002	3.492e+001	5.588e+002
-1.643e+002	3.516e+001	5.632e+002
-1.671e+002	3.537e+001	5.670e+002
-1.699e+002	3.555e+001	5.705e+002
-1.728e+002	3.575e+001	5.741e+002
-1.756e+002	3.598e+001	5.783e+002
-1.785e+002	3.631e+001	5.840e+002
-1.815e+002	3.672e+001	5.909e+002
-1.837e+002

