E/N,Td	Vdr,cm/s	Te,eV	Mue*N,1/(cm*s*V)	De*N,1/(cm*s)		MuE*N,1/(cm*s*V)	DE*N,1/(cm*s)	(R1)e+O->e+O[1D]	(R2)e+O[1D]->e+O	(R3)e+O->e+O[1S]	(R4)e+O[1S]->e+O	(R5)e+O2->e+O2[a]	(R6)e+O2[a]->e+O2	(R7)e+O2->e+O2[b]	(R8)e+O2[b]->e+O2	(R9)e+O2[a]->e+O2[b]	(R10)e+O2[b]->e+O2[a]	(R11)e+O2->e+O2[Hz]	(R12)e+O2[Hz]->e+O2	(R13)e+O2->e+O+O	(R14)e+O2->e+O+O[1D]	(R15)e+O2->e+O+O[1S]	(R16)e+O2->O+O-	(R17)e+O2->O2++e+e	(R18)e+O->O++e+e	(R19)e+O2->O2++e+e	
0.50	6.641e+005	9.171e-002	1.328e+023	1.393e+022	2.000e+023	1.664e+022	4.454e-018	6.386e-010	1.265e-046	7.431e-010	1.018e-014	6.924e-011	5.049e-016	1.098e-010	1.082e-014	2.949e-011	1.981e-051	7.308e-010	0.000e+000	0.000e+000	0.000e+000	2.454e-044	0.000e+000	0.000e+000	0.000e+000	
5.00	2.636e+006	5.472e-001	5.272e+022	2.873e+022	6.668e+022	3.718e+022	5.012e-011	4.209e-009	6.962e-015	2.419e-009	3.146e-011	2.671e-010	7.666e-012	3.167e-010	2.589e-011	1.255e-010	2.007e-014	2.523e-009	5.007e-018	1.432e-025	1.758e-038	2.137e-015	0.000e+000	0.000e+000	0.000e+000	
10.00	3.258e+006	1.088e+000	3.258e+022	3.904e+022	4.519e+022	4.653e+022	5.274e-010	8.363e-009	1.263e-012	3.785e-009	1.273e-010	5.107e-010	3.868e-011	4.979e-010	7.296e-011	2.307e-010	6.280e-012	3.316e-009	2.584e-014	2.815e-017	1.107e-023	4.553e-013	3.440e-030	4.687e-032	0.000e+000	
15.00	4.070e+006	1.377e+000	2.713e+022	4.308e+022	3.900e+022	5.011e+022	1.061e-009	1.007e-008	6.088e-012	4.341e-009	1.970e-010	6.486e-010	6.210e-011	5.817e-010	9.874e-011	2.827e-010	3.562e-011	3.344e-009	4.438e-013	1.537e-014	6.595e-019	2.543e-012	6.984e-023	6.369e-024	9.827e-037	
20.00	4.913e+006	1.568e+000	2.457e+022	4.530e+022	3.572e+022	5.219e+022	1.492e-009	1.095e-008	1.344e-011	4.651e-009	2.483e-010	7.406e-010	7.869e-011	6.308e-010	1.151e-010	3.142e-010	8.407e-011	3.261e-009	2.129e-012	3.571e-013	1.284e-016	6.020e-012	2.288e-019	5.193e-020	7.882e-030	
25.00	5.724e+006	1.722e+000	2.289e+022	4.686e+022	3.341e+022	5.368e+022	1.850e-009	1.152e-008	2.239e-011	4.870e-009	2.911e-010	8.124e-010	9.195e-011	6.659e-010	1.274e-010	3.372e-010	1.429e-010	3.161e-009	6.069e-012	2.364e-012	2.730e-015	1.020e-011	2.533e-017	9.690e-018	9.115e-026	
30.00	6.488e+006	1.858e+000	2.163e+022	4.810e+022	3.157e+022	5.486e+022	2.161e-009	1.193e-008	3.242e-011	5.042e-009	3.291e-010	8.726e-010	1.033e-010	6.935e-010	1.376e-010	3.557e-010	2.057e-010	3.058e-009	1.296e-011	8.340e-012	1.993e-014	1.452e-011	5.437e-016	2.901e-016	4.264e-023	
35.00	7.208e+006	1.982e+000	2.059e+022	4.913e+022	3.004e+022	5.584e+022	2.435e-009	1.225e-008	4.312e-011	5.186e-009	3.636e-010	9.248e-010	1.133e-010	7.162e-010	1.463e-010	3.711e-010	2.679e-010	2.958e-009	2.302e-011	2.055e-011	8.052e-014	1.864e-011	4.697e-015	3.146e-015	3.293e-021	
40.00	7.890e+006	2.099e+000	1.972e+022	5.002e+022	2.872e+022	5.668e+022	2.678e-009	1.249e-008	5.413e-011	5.308e-009	3.952e-010	9.705e-010	1.223e-010	7.354e-010	1.538e-010	3.844e-010	3.270e-010	2.863e-009	3.616e-011	4.051e-011	2.272e-013	2.240e-011	2.331e-014	1.840e-014	8.399e-020	
45.00	8.538e+006	2.210e+000	1.897e+022	5.080e+022	2.757e+022	5.742e+022	2.895e-009	1.268e-008	6.523e-011	5.415e-009	4.240e-010	1.011e-009	1.303e-010	7.518e-010	1.605e-010	3.959e-010	3.816e-010	2.773e-009	5.208e-011	6.896e-011	5.077e-013	2.573e-011	8.066e-014	7.201e-014	1.033e-018	
50.00	9.158e+006	2.315e+000	1.832e+022	5.150e+022	2.658e+022	5.807e+022	3.090e-009	1.284e-008	7.626e-011	5.509e-009	4.505e-010	1.047e-009	1.376e-010	7.659e-010	1.664e-010	4.060e-010	4.313e-010	2.689e-009	7.045e-011	1.060e-010	9.672e-013	2.864e-011	2.179e-013	2.140e-013	7.678e-018	
55.00	9.754e+006	2.415e+000	1.773e+022	5.213e+022	2.570e+022	5.867e+022	3.266e-009	1.297e-008	8.711e-011	5.592e-009	4.748e-010	1.079e-009	1.442e-010	7.782e-010	1.717e-010	4.149e-010	4.762e-010	2.610e-009	9.094e-011	1.516e-010	1.644e-012	3.117e-011	4.929e-013	5.225e-013	3.968e-017	
60.00	1.033e+007	2.512e+000	1.722e+022	5.271e+022	2.492e+022	5.923e+022	3.426e-009	1.307e-008	9.774e-011	5.667e-009	4.971e-010	1.108e-009	1.503e-010	7.890e-010	1.765e-010	4.229e-010	5.165e-010	2.535e-009	1.132e-010	2.051e-010	2.570e-012	3.335e-011	9.785e-013	1.103e-012	1.565e-016	
65.00	1.089e+007	2.605e+000	1.675e+022	5.325e+022	2.422e+022	5.976e+022	3.570e-009	1.315e-008	1.081e-010	5.734e-009	5.178e-010	1.133e-009	1.558e-010	7.985e-010	1.808e-010	4.299e-010	5.526e-010	2.466e-009	1.370e-010	2.663e-010	3.766e-012	3.523e-011	1.758e-012	2.085e-012	5.021e-016	
70.00	1.143e+007	2.695e+000	1.633e+022	5.375e+022	2.360e+022	6.026e+022	3.702e-009	1.322e-008	1.182e-010	5.794e-009	5.368e-010	1.157e-009	1.609e-010	8.069e-010	1.848e-010	4.363e-010	5.848e-010	2.401e-009	1.621e-010	3.346e-010	5.251e-012	3.685e-011	2.922e-012	3.615e-012	1.371e-015	
75.00	1.196e+007	2.783e+000	1.595e+022	5.422e+022	2.303e+022	6.075e+022	3.822e-009	1.327e-008	1.280e-010	5.849e-009	5.544e-010	1.178e-009	1.656e-010	8.143e-010	1.883e-010	4.420e-010	6.135e-010	2.339e-009	1.883e-010	4.094e-010	7.034e-012	3.822e-011	4.566e-012	5.854e-012	3.290e-015	
80.00	1.248e+007	2.868e+000	1.560e+022	5.467e+022	2.252e+022	6.123e+022	3.931e-009	1.331e-008	1.376e-010	5.898e-009	5.707e-010	1.197e-009	1.699e-010	8.209e-010	1.916e-010	4.472e-010	6.390e-010	2.282e-009	2.152e-010	4.904e-010	9.122e-012	3.939e-011	6.785e-012	8.968e-012	7.116e-015	
85.00	1.299e+007	2.951e+000	1.528e+022	5.509e+022	2.206e+022	6.170e+022	4.032e-009	1.334e-008	1.468e-010	5.943e-009	5.858e-010	1.214e-009	1.740e-010	8.266e-010	1.946e-010	4.518e-010	6.616e-010	2.227e-009	2.429e-010	5.771e-010	1.152e-011	4.038e-011	9.676e-012	1.312e-011	1.412e-014	
90.00	1.349e+007	3.033e+000	1.499e+022	5.550e+022	2.164e+022	6.217e+022	4.123e-009	1.336e-008	1.558e-010	5.984e-009	5.998e-010	1.230e-009	1.777e-010	8.318e-010	1.973e-010	4.560e-010	6.815e-010	2.176e-009	2.711e-010	6.690e-010	1.422e-011	4.121e-011	1.333e-011	1.849e-011	2.610e-014	
95.00	1.399e+007	3.112e+000	1.473e+022	5.590e+022	2.125e+022	6.263e+022	4.207e-009	1.337e-008	1.645e-010	6.021e-009	6.128e-010	1.244e-009	1.811e-010	8.363e-010	1.998e-010	4.598e-010	6.991e-010	2.127e-009	2.996e-010	7.657e-010	1.722e-011	4.190e-011	1.784e-011	2.522e-011	4.542e-014	
100.00	1.448e+007	3.190e+000	1.448e+022	5.628e+022	2.089e+022	6.310e+022	4.285e-009	1.337e-008	1.729e-010	6.055e-009	6.249e-010	1.257e-009	1.843e-010	8.403e-010	2.021e-010	4.633e-010	7.146e-010	2.081e-009	3.284e-010	8.668e-010	2.053e-011	4.246e-011	2.329e-011	3.347e-011	7.508e-014	
105.00	1.497e+007	3.267e+000	1.425e+022	5.665e+022	2.057e+022	6.358e+022	4.355e-009	1.337e-008	1.811e-010	6.086e-009	6.362e-010	1.269e-009	1.872e-010	8.438e-010	2.042e-010	4.664e-010	7.281e-010	2.038e-009	3.573e-010	9.720e-010	2.412e-011	4.291e-011	2.975e-011	4.338e-011	1.188e-013	
110.00	1.545e+007	3.343e+000	1.405e+022	5.701e+022	2.026e+022	6.405e+022	4.420e-009	1.337e-008	1.890e-010	6.113e-009	6.466e-010	1.279e-009	1.900e-010	8.468e-010	2.062e-010	4.692e-010	7.398e-010	1.996e-009	3.863e-010	1.081e-009	2.800e-011	4.327e-011	3.731e-011	5.508e-011	1.809e-013	
115.00	1.593e+007	3.417e+000	1.385e+022	5.737e+022	1.998e+022	6.454e+022	4.479e-009	1.336e-008	1.966e-010	6.139e-009	6.563e-010	1.289e-009	1.925e-010	8.495e-010	2.079e-010	4.717e-010	7.500e-010	1.957e-009	4.152e-010	1.193e-009	3.216e-011	4.354e-011	4.604e-011	6.869e-011	2.666e-013	
120.00	1.641e+007	3.490e+000	1.368e+022	5.772e+022	1.972e+022	6.503e+022	4.534e-009	1.334e-008	2.040e-010	6.162e-009	6.654e-010	1.297e-009	1.949e-010	8.518e-010	2.096e-010	4.740e-010	7.587e-010	1.920e-009	4.440e-010	1.309e-009	3.658e-011	4.373e-011	5.599e-011	8.431e-011	3.815e-013	
125.00	1.689e+007	3.563e+000	1.351e+022	5.806e+022	1.948e+022	6.552e+022	4.584e-009	1.332e-008	2.112e-010	6.183e-009	6.738e-010	1.305e-009	1.971e-010	8.538e-010	2.111e-010	4.761e-010	7.662e-010	1.884e-009	4.725e-010	1.427e-009	4.125e-011	4.385e-011	6.722e-011	1.020e-010	5.321e-013	
130.00	1.736e+007	3.634e+000	1.336e+022	5.840e+022	1.925e+022	6.603e+022	4.629e-009	1.330e-008	2.181e-010	6.202e-009	6.816e-010	1.312e-009	1.992e-010	8.555e-010	2.125e-010	4.780e-010	7.724e-010	1.850e-009	5.008e-010	1.547e-009	4.617e-011	4.392e-011	7.980e-011	1.219e-010	7.254e-013	
135.00	1.784e+007	3.705e+000	1.321e+022	5.874e+022	1.904e+022	6.654e+022	4.671e-009	1.328e-008	2.248e-010	6.219e-009	6.888e-010	1.319e-009	2.011e-010	8.569e-010	2.138e-010	4.796e-010	7.776e-010	1.818e-009	5.288e-010	1.670e-009	5.133e-011	4.393e-011	9.377e-011	1.441e-010	9.689e-013	
140.00	1.831e+007	3.775e+000	1.308e+022	5.907e+022	1.885e+022	6.706e+022	4.709e-009	1.325e-008	2.313e-010	6.234e-009	6.956e-010	1.324e-009	2.028e-010	8.581e-010	2.149e-010	4.811e-010	7.818e-010	1.787e-009	5.565e-010	1.795e-009	5.671e-011	4.390e-011	1.092e-010	1.686e-010	1.271e-012	
145.00	1.879e+007	3.844e+000	1.296e+022	5.941e+022	1.866e+022	6.758e+022	4.744e-009	1.322e-008	2.376e-010	6.248e-009	7.019e-010	1.330e-009	2.045e-010	8.591e-010	2.160e-010	4.825e-010	7.851e-010	1.758e-009	5.837e-010	1.922e-009	6.230e-011	4.382e-011	1.260e-010	1.954e-010	1.640e-012	
150.00	1.926e+007	3.913e+000	1.284e+022	5.974e+022	1.849e+022	6.812e+022	4.775e-009	1.319e-008	2.436e-010	6.260e-009	7.077e-010	1.334e-009	2.060e-010	8.598e-010	2.170e-010	4.837e-010	7.877e-010	1.730e-009	6.105e-010	2.050e-009	6.809e-011	4.371e-011	1.444e-010	2.246e-010	2.084e-012	
155.00	1.974e+007	3.981e+000	1.273e+022	6.007e+022	1.833e+022	6.866e+022	4.804e-009	1.316e-008	2.495e-010	6.271e-009	7.131e-010	1.338e-009	2.075e-010	8.604e-010	2.179e-010	4.847e-010	7.895e-010	1.703e-009	6.368e-010	2.180e-009	7.407e-011	4.357e-011	1.643e-010	2.562e-010	2.614e-012	
160.00	2.021e+007	4.048e+000	1.263e+022	6.039e+022	1.818e+022	6.921e+022	4.830e-009	1.312e-008	2.552e-010	6.280e-009	7.181e-010	1.342e-009	2.088e-010	8.608e-010	2.187e-010	4.857e-010	7.907e-010	1.677e-009	6.626e-010	2.311e-009	8.024e-011	4.340e-011	1.858e-010	2.902e-010	3.238e-012	
165.00	2.069e+007	4.115e+000	1.254e+022	6.072e+022	1.803e+022	6.977e+022	4.853e-009	1.308e-008	2.606e-010	6.289e-009	7.228e-010	1.345e-009	2.101e-010	8.611e-010	2.195e-010	4.865e-010	7.913e-010	1.653e-009	6.880e-010	2.444e-009	8.658e-011	4.320e-011	2.088e-010	3.266e-010	3.967e-012	
170.00	2.117e+007	4.181e+000	1.245e+022	6.105e+022	1.790e+022	7.033e+022	4.875e-009	1.305e-008	2.659e-010	6.296e-009	7.271e-010	1.348e-009	2.112e-010	8.612e-010	2.202e-010	4.872e-010	7.913e-010	1.629e-009	7.128e-010	2.577e-009	9.307e-011	4.299e-011	2.334e-010	3.655e-010	4.809e-012	
175.00	2.165e+007	4.246e+000	1.237e+022	6.138e+022	1.777e+022	7.090e+022	4.894e-009	1.301e-008	2.710e-010	6.302e-009	7.311e-010	1.350e-009	2.123e-010	8.611e-010	2.208e-010	4.878e-010	7.909e-010	1.607e-009	7.371e-010	2.710e-009	9.972e-011	4.275e-011	2.597e-010	4.067e-010	5.775e-012	
180.00	2.213e+007	4.312e+000	1.229e+022	6.170e+022	1.765e+022	7.148e+022	4.911e-009	1.297e-008	2.760e-010	6.307e-009	7.348e-010	1.352e-009	2.133e-010	8.610e-010	2.214e-010	4.884e-010	7.901e-010	1.585e-009	7.608e-010	2.845e-009	1.065e-010	4.250e-011	2.875e-010	4.504e-010	6.875e-012	
185.00	2.261e+007	4.376e+000	1.222e+022	6.203e+022	1.753e+022	7.207e+022	4.926e-009	1.293e-008	2.807e-010	6.312e-009	7.382e-010	1.354e-009	2.142e-010	8.608e-010	2.219e-010	4.888e-010	7.889e-010	1.564e-009	7.840e-010	2.980e-009	1.134e-010	4.224e-011	3.170e-010	4.964e-010	8.118e-012	
190.00	2.309e+007	4.441e+000	1.215e+022	6.236e+022	1.742e+022	7.266e+022	4.939e-009	1.289e-008	2.853e-010	6.315e-009	7.414e-010	1.355e-009	2.151e-010	8.604e-010	2.224e-010	4.892e-010	7.874e-010	1.544e-009	8.066e-010	3.115e-009	1.205e-010	4.196e-011	3.481e-010	5.448e-010	9.515e-012	
195.00	2.357e+007	4.504e+000	1.209e+022	6.268e+022	1.732e+022	7.325e+022	4.951e-009	1.285e-008	2.898e-010	6.318e-009	7.443e-010	1.356e-009	2.159e-010	8.600e-010	2.228e-010	4.895e-010	7.855e-010	1.525e-009	8.287e-010	3.250e-009	1.276e-010	4.167e-011	3.808e-010	5.954e-010	1.107e-011	
200.00	2.405e+007	4.568e+000	1.203e+022	6.301e+022	1.722e+022	7.386e+022	4.961e-009	1.280e-008	2.941e-010	6.320e-009	7.470e-010	1.357e-009	2.166e-010	8.595e-010	2.232e-010	4.897e-010	7.834e-010	1.507e-009	8.502e-010	3.386e-009	1.349e-010	4.138e-011	4.152e-010	6.484e-010	1.280e-011	
205.00	2.454e+007	4.631e+000	1.197e+022	6.334e+022	1.713e+022	7.447e+022	4.970e-009	1.276e-008	2.982e-010	6.321e-009	7.494e-010	1.358e-009	2.173e-010	8.589e-010	2.236e-010	4.899e-010	7.810e-010	1.489e-009	8.712e-010	3.522e-009	1.422e-010	4.108e-011	4.511e-010	7.035e-010	1.472e-011	
210.00	2.502e+007	4.694e+000	1.192e+022	6.367e+022	1.704e+022	7.508e+022	4.977e-009	1.272e-008	3.022e-010	6.321e-009	7.517e-010	1.358e-009	2.179e-010	8.582e-010	2.239e-010	4.900e-010	7.785e-010	1.472e-009	8.916e-010	3.658e-009	1.497e-010	4.078e-011	4.887e-010	7.608e-010	1.682e-011	
215.00	2.551e+007	4.756e+000	1.187e+022	6.400e+022	1.695e+022	7.570e+022	4.983e-009	1.267e-008	3.061e-010	6.321e-009	7.537e-010	1.358e-009	2.185e-010	8.575e-010	2.242e-010	4.901e-010	7.757e-010	1.456e-009	9.114e-010	3.793e-009	1.572e-010	4.047e-011	5.278e-010	8.203e-010	1.911e-011	
220.00	2.600e+007	4.818e+000	1.182e+022	6.433e+022	1.687e+022	7.632e+022	4.988e-009	1.263e-008	3.098e-010	6.321e-009	7.556e-010	1.358e-009	2.190e-010	8.567e-010	2.244e-010	4.901e-010	7.728e-010	1.440e-009	9.307e-010	3.929e-009	1.648e-010	4.015e-011	5.686e-010	8.818e-010	2.162e-011	
225.00	2.649e+007	4.879e+000	1.177e+022	6.466e+022	1.679e+022	7.695e+022	4.992e-009	1.259e-008	3.134e-010	6.319e-009	7.573e-010	1.358e-009	2.195e-010	8.559e-010	2.247e-010	4.901e-010	7.697e-010	1.424e-009	9.495e-010	4.064e-009	1.725e-010	3.984e-011	6.109e-010	9.454e-010	2.433e-011	
230.00	2.697e+007	4.941e+000	1.173e+022	6.500e+022	1.672e+022	7.759e+022	4.996e-009	1.254e-008	3.169e-010	6.318e-009	7.588e-010	1.358e-009	2.200e-010	8.550e-010	2.248e-010	4.900e-010	7.665e-010	1.410e-009	9.677e-010	4.199e-009	1.802e-010	3.952e-011	6.547e-010	1.011e-009	2.726e-011	
235.00	2.746e+007	5.002e+000	1.169e+022	6.533e+022	1.665e+022	7.822e+022	4.998e-009	1.250e-008	3.203e-010	6.316e-009	7.602e-010	1.357e-009	2.204e-010	8.541e-010	2.250e-010	4.899e-010	7.632e-010	1.395e-009	9.855e-010	4.334e-009	1.880e-010	3.921e-011	7.000e-010	1.078e-009	3.042e-011	
240.00	2.796e+007	5.062e+000	1.165e+022	6.566e+022	1.658e+022	7.886e+022	4.999e-009	1.246e-008	3.235e-010	6.313e-009	7.615e-010	1.357e-009	2.208e-010	8.531e-010	2.252e-010	4.898e-010	7.598e-010	1.382e-009	1.003e-009	4.468e-009	1.959e-010	3.889e-011	7.468e-010	1.148e-009	3.380e-011	
245.00	2.845e+007	5.123e+000	1.161e+022	6.600e+022	1.651e+022	7.950e+022	5.000e-009	1.241e-008	3.266e-010	6.310e-009	7.626e-010	1.356e-009	2.212e-010	8.521e-010	2.253e-010	4.896e-010	7.563e-010	1.368e-009	1.019e-009	4.602e-009	2.038e-010	3.858e-011	7.951e-010	1.219e-009	3.743e-011	
250.00	2.894e+007	5.183e+000	1.158e+022	6.633e+022	1.645e+022	8.015e+022	4.999e-009	1.237e-008	3.297e-010	6.307e-009	7.637e-010	1.355e-009	2.215e-010	8.511e-010	2.254e-010	4.894e-010	7.527e-010	1.355e-009	1.036e-009	4.735e-009	2.117e-010	3.826e-011	8.449e-010	1.291e-009	4.129e-011	
255.00	2.943e+007	5.242e+000	1.154e+022	6.667e+022	1.639e+022	8.080e+022	4.998e-009	1.233e-008	3.326e-010	6.303e-009	7.646e-010	1.354e-009	2.218e-010	8.501e-010	2.255e-010	4.892e-010	7.491e-010	1.343e-009	1.051e-009	4.867e-009	2.196e-010	3.795e-011	8.960e-010	1.366e-009	4.539e-011	
260.00	2.992e+007	5.302e+000	1.151e+022	6.700e+022	1.633e+022	8.144e+022	4.997e-009	1.229e-008	3.354e-010	6.299e-009	7.653e-010	1.353e-009	2.220e-010	8.490e-010	2.255e-010	4.889e-010	7.455e-010	1.331e-009	1.067e-009	4.999e-009	2.276e-010	3.764e-011	9.484e-010	1.442e-009	4.973e-011	
265.00	3.041e+007	5.361e+000	1.148e+022	6.734e+022	1.627e+022	8.210e+022	4.995e-009	1.224e-008	3.381e-010	6.295e-009	7.660e-010	1.352e-009	2.223e-010	8.479e-010	2.256e-010	4.887e-010	7.418e-010	1.319e-009	1.082e-009	5.131e-009	2.357e-010	3.733e-011	1.002e-009	1.519e-009	5.432e-011	
270.00	3.091e+007	5.420e+000	1.145e+022	6.768e+022	1.622e+022	8.275e+022	4.992e-009	1.220e-008	3.408e-010	6.290e-009	7.667e-010	1.351e-009	2.225e-010	8.468e-010	2.256e-010	4.884e-010	7.381e-010	1.308e-009	1.096e-009	5.262e-009	2.437e-010	3.703e-011	1.057e-009	1.598e-009	5.916e-011	
275.00	3.140e+007	5.479e+000	1.142e+022	6.801e+022	1.617e+022	8.340e+022	4.989e-009	1.216e-008	3.433e-010	6.286e-009	7.672e-010	1.349e-009	2.227e-010	8.457e-010	2.256e-010	4.881e-010	7.344e-010	1.297e-009	1.110e-009	5.392e-009	2.517e-010	3.673e-011	1.114e-009	1.678e-009	6.425e-011	
280.00	3.189e+007	5.537e+000	1.139e+022	6.835e+022	1.611e+022	8.405e+022	4.986e-009	1.212e-008	3.458e-010	6.280e-009	7.676e-010	1.348e-009	2.229e-010	8.446e-010	2.256e-010	4.878e-010	7.307e-010	1.286e-009	1.124e-009	5.521e-009	2.598e-010	3.643e-011	1.171e-009	1.760e-009	6.958e-011	
285.00	3.238e+007	5.595e+000	1.136e+022	6.869e+022	1.606e+022	8.471e+022	4.982e-009	1.207e-008	3.481e-010	6.275e-009	7.680e-010	1.347e-009	2.231e-010	8.434e-010	2.256e-010	4.874e-010	7.270e-010	1.276e-009	1.137e-009	5.650e-009	2.679e-010	3.614e-011	1.230e-009	1.843e-009	7.516e-011	
290.00	3.288e+007	5.653e+000	1.134e+022	6.902e+022	1.602e+022	8.536e+022	4.978e-009	1.203e-008	3.504e-010	6.270e-009	7.683e-010	1.345e-009	2.232e-010	8.423e-010	2.256e-010	4.871e-010	7.233e-010	1.265e-009	1.149e-009	5.778e-009	2.759e-010	3.585e-011	1.290e-009	1.927e-009	8.098e-011	
295.00	3.337e+007	5.710e+000	1.131e+022	6.936e+022	1.597e+022	8.601e+022	4.973e-009	1.199e-008	3.527e-010	6.264e-009	7.685e-010	1.344e-009	2.233e-010	8.411e-010	2.256e-010	4.867e-010	7.196e-010	1.256e-009	1.162e-009	5.905e-009	2.840e-010	3.556e-011	1.351e-009	2.012e-009	8.705e-011	
300.00	3.386e+007	5.768e+000	1.129e+022	6.970e+022	1.592e+022	8.667e+022	4.968e-009	1.195e-008	3.548e-010	6.258e-009	7.687e-010	1.342e-009	2.235e-010	8.399e-010	2.256e-010	4.864e-010	7.159e-010	1.246e-009	1.174e-009	6.031e-009	2.921e-010	3.528e-011	1.412e-009	2.098e-009	9.335e-011	
305.00	3.435e+007	5.825e+000	1.126e+022	7.004e+022	1.588e+022	8.732e+022	4.963e-009	1.191e-008	3.569e-010	6.252e-009	7.688e-010	1.340e-009	2.236e-010	8.388e-010	2.255e-010	4.860e-010	7.122e-010	1.236e-009	1.185e-009	6.156e-009	3.001e-010	3.500e-011	1.475e-009	2.185e-009	9.990e-011	
310.00	3.484e+007	5.881e+000	1.124e+022	7.038e+022	1.584e+022	8.797e+022	4.958e-009	1.187e-008	3.589e-010	6.246e-009	7.689e-010	1.339e-009	2.236e-010	8.376e-010	2.255e-010	4.856e-010	7.086e-010	1.227e-009	1.197e-009	6.281e-009	3.082e-010	3.473e-011	1.539e-009	2.272e-009	1.067e-010	
315.00	3.533e+007	5.938e+000	1.122e+022	7.071e+022	1.579e+022	8.861e+022	4.952e-009	1.183e-008	3.609e-010	6.240e-009	7.689e-010	1.337e-009	2.237e-010	8.364e-010	2.254e-010	4.852e-010	7.050e-010	1.218e-009	1.208e-009	6.405e-009	3.162e-010	3.446e-011	1.604e-009	2.361e-009	1.137e-010	
320.00	3.582e+007	5.994e+000	1.119e+022	7.105e+022	1.575e+022	8.926e+022	4.946e-009	1.179e-008	3.627e-010	6.234e-009	7.689e-010	1.335e-009	2.238e-010	8.353e-010	2.253e-010	4.848e-010	7.014e-010	1.210e-009	1.218e-009	6.527e-009	3.242e-010	3.419e-011	1.669e-009	2.451e-009	1.209e-010	
325.00	3.631e+007	6.050e+000	1.117e+022	7.139e+022	1.571e+022	8.990e+022	4.940e-009	1.176e-008	3.646e-010	6.227e-009	7.688e-010	1.334e-009	2.238e-010	8.341e-010	2.253e-010	4.844e-010	6.978e-010	1.201e-009	1.229e-009	6.649e-009	3.322e-010	3.393e-011	1.735e-009	2.541e-009	1.283e-010	
330.00	3.679e+007	6.106e+000	1.115e+022	7.172e+022	1.568e+022	9.054e+022	4.934e-009	1.172e-008	3.663e-010	6.221e-009	7.687e-010	1.332e-009	2.239e-010	8.329e-010	2.252e-010	4.840e-010	6.943e-010	1.193e-009	1.239e-009	6.770e-009	3.401e-010	3.368e-011	1.802e-009	2.631e-009	1.360e-010	
335.00	3.728e+007	6.161e+000	1.113e+022	7.206e+022	1.564e+022	9.117e+022	4.928e-009	1.168e-008	3.681e-010	6.214e-009	7.686e-010	1.330e-009	2.239e-010	8.318e-010	2.251e-010	4.836e-010	6.908e-010	1.185e-009	1.249e-009	6.890e-009	3.481e-010	3.343e-011	1.870e-009	2.723e-009	1.438e-010	
340.00	3.776e+007	6.216e+000	1.111e+022	7.239e+022	1.560e+022	9.180e+022	4.921e-009	1.164e-008	3.697e-010	6.208e-009	7.685e-010	1.329e-009	2.240e-010	8.306e-010	2.251e-010	4.832e-010	6.874e-010	1.177e-009	1.258e-009	7.009e-009	3.560e-010	3.318e-011	1.938e-009	2.814e-009	1.519e-010	
345.00	3.825e+007	6.271e+000	1.109e+022	7.273e+022	1.557e+022	9.243e+022	4.915e-009	1.161e-008	3.714e-010	6.201e-009	7.683e-010	1.327e-009	2.240e-010	8.295e-010	2.250e-010	4.828e-010	6.840e-010	1.169e-009	1.267e-009	7.127e-009	3.638e-010	3.294e-011	2.007e-009	2.906e-009	1.601e-010	
350.00	3.873e+007	6.325e+000	1.107e+022	7.306e+022	1.553e+022	9.305e+022	4.908e-009	1.157e-008	3.729e-010	6.194e-009	7.681e-010	1.325e-009	2.240e-010	8.283e-010	2.249e-010	4.824e-010	6.806e-010	1.161e-009	1.276e-009	7.245e-009	3.717e-010	3.270e-011	2.076e-009	2.999e-009	1.685e-010	
355.00	3.921e+007	6.379e+000	1.104e+022	7.339e+022	1.550e+022	9.367e+022	4.901e-009	1.153e-008	3.745e-010	6.187e-009	7.678e-010	1.323e-009	2.240e-010	8.272e-010	2.248e-010	4.819e-010	6.773e-010	1.154e-009	1.285e-009	7.361e-009	3.795e-010	3.246e-011	2.146e-009	3.092e-009	1.771e-010	
360.00	3.969e+007	6.433e+000	1.102e+022	7.372e+022	1.546e+022	9.428e+022	4.895e-009	1.150e-008	3.759e-010	6.181e-009	7.676e-010	1.322e-009	2.240e-010	8.261e-010	2.247e-010	4.815e-010	6.741e-010	1.146e-009	1.293e-009	7.476e-009	3.872e-010	3.223e-011	2.216e-009	3.185e-009	1.859e-010	
365.00	4.017e+007	6.487e+000	1.101e+022	7.405e+022	1.543e+022	9.489e+022	4.888e-009	1.146e-008	3.774e-010	6.174e-009	7.673e-010	1.320e-009	2.240e-010	8.250e-010	2.246e-010	4.811e-010	6.708e-010	1.139e-009	1.302e-009	7.590e-009	3.949e-010	3.201e-011	2.287e-009	3.278e-009	1.948e-010	
370.00	4.065e+007	6.540e+000	1.099e+022	7.438e+022	1.540e+022	9.549e+022	4.881e-009	1.143e-008	3.788e-010	6.167e-009	7.670e-010	1.318e-009	2.240e-010	8.238e-010	2.245e-010	4.807e-010	6.676e-010	1.132e-009	1.310e-009	7.703e-009	4.026e-010	3.179e-011	2.358e-009	3.371e-009	2.039e-010	
375.00	4.112e+007	6.593e+000	1.097e+022	7.471e+022	1.537e+022	9.609e+022	4.874e-009	1.139e-008	3.801e-010	6.160e-009	7.667e-010	1.316e-009	2.240e-010	8.227e-010	2.244e-010	4.803e-010	6.645e-010	1.125e-009	1.317e-009	7.816e-009	4.102e-010	3.157e-011	2.429e-009	3.465e-009	2.131e-010	
380.00	4.160e+007	6.645e+000	1.095e+022	7.503e+022	1.534e+022	9.669e+022	4.867e-009	1.136e-008	3.815e-010	6.153e-009	7.664e-010	1.315e-009	2.240e-010	8.216e-010	2.243e-010	4.799e-010	6.614e-010	1.118e-009	1.325e-009	7.927e-009	4.178e-010	3.136e-011	2.501e-009	3.558e-009	2.225e-010	
385.00	4.207e+007	6.697e+000	1.093e+022	7.536e+022	1.531e+022	9.727e+022	4.861e-009	1.133e-008	3.828e-010	6.147e-009	7.661e-010	1.313e-009	2.240e-010	8.206e-010	2.242e-010	4.795e-010	6.584e-010	1.111e-009	1.332e-009	8.037e-009	4.254e-010	3.115e-011	2.572e-009	3.652e-009	2.319e-010	
390.00	4.254e+007	6.749e+000	1.091e+022	7.568e+022	1.528e+022	9.785e+022	4.854e-009	1.129e-008	3.840e-010	6.140e-009	7.658e-010	1.311e-009	2.240e-010	8.195e-010	2.241e-010	4.790e-010	6.554e-010	1.105e-009	1.340e-009	8.146e-009	4.329e-010	3.094e-011	2.644e-009	3.745e-009	2.416e-010	
395.00	4.301e+007	6.801e+000	1.089e+022	7.600e+022	1.525e+022	9.843e+022	4.847e-009	1.126e-008	3.852e-010	6.133e-009	7.654e-010	1.309e-009	2.240e-010	8.184e-010	2.240e-010	4.786e-010	6.524e-010	1.098e-009	1.347e-009	8.254e-009	4.403e-010	3.074e-011	2.716e-009	3.838e-009	2.513e-010	
400.00	4.348e+007	6.852e+000	1.087e+022	7.632e+022	1.522e+022	9.899e+022	4.840e-009	1.123e-008	3.864e-010	6.126e-009	7.651e-010	1.308e-009	2.239e-010	8.174e-010	2.239e-010	4.782e-010	6.495e-010	1.092e-009	1.353e-009	8.361e-009	4.477e-010	3.054e-011	2.788e-009	3.931e-009	2.611e-010	
405.00	4.395e+007	6.902e+000	1.085e+022	7.664e+022	1.520e+022	9.956e+022	4.833e-009	1.120e-008	3.876e-010	6.119e-009	7.647e-010	1.306e-009	2.239e-010	8.163e-010	2.238e-010	4.778e-010	6.466e-010	1.085e-009	1.360e-009	8.467e-009	4.550e-010	3.035e-011	2.860e-009	4.024e-009	2.710e-010	
410.00	4.442e+007	6.953e+000	1.083e+022	7.696e+022	1.517e+022	1.001e+023	4.826e-009	1.117e-008	3.887e-010	6.113e-009	7.643e-010	1.304e-009	2.239e-010	8.153e-010	2.237e-010	4.774e-010	6.438e-010	1.079e-009	1.366e-009	8.572e-009	4.623e-010	3.016e-011	2.932e-009	4.117e-009	2.810e-010	
415.00	4.488e+007	7.003e+000	1.081e+022	7.727e+022	1.514e+022	1.007e+023	4.820e-009	1.113e-008	3.898e-010	6.106e-009	7.639e-010	1.303e-009	2.239e-010	8.143e-010	2.236e-010	4.770e-010	6.410e-010	1.073e-009	1.373e-009	8.676e-009	4.695e-010	2.997e-011	3.004e-009	4.210e-009	2.911e-010	
420.00	4.534e+007	7.052e+000	1.080e+022	7.759e+022	1.512e+022	1.012e+023	4.813e-009	1.110e-008	3.909e-010	6.099e-009	7.636e-010	1.301e-009	2.238e-010	8.133e-010	2.235e-010	4.766e-010	6.383e-010	1.067e-009	1.379e-009	8.779e-009	4.766e-010	2.978e-011	3.076e-009	4.302e-009	3.013e-010	
425.00	4.581e+007	7.102e+000	1.078e+022	7.790e+022	1.509e+022	1.017e+023	4.806e-009	1.107e-008	3.920e-010	6.093e-009	7.632e-010	1.299e-009	2.238e-010	8.123e-010	2.234e-010	4.763e-010	6.356e-010	1.061e-009	1.385e-009	8.881e-009	4.837e-010	2.960e-011	3.148e-009	4.394e-009	3.115e-010	
430.00	4.627e+007	7.151e+000	1.076e+022	7.821e+022	1.507e+022	1.023e+023	4.800e-009	1.104e-008	3.930e-010	6.086e-009	7.628e-010	1.298e-009	2.238e-010	8.113e-010	2.233e-010	4.759e-010	6.330e-010	1.055e-009	1.391e-009	8.982e-009	4.908e-010	2.943e-011	3.220e-009	4.485e-009	3.218e-010	
435.00	4.673e+007	7.199e+000	1.074e+022	7.851e+022	1.504e+022	1.028e+023	4.793e-009	1.101e-008	3.940e-010	6.080e-009	7.624e-010	1.296e-009	2.237e-010	8.103e-010	2.232e-010	4.755e-010	6.304e-010	1.050e-009	1.397e-009	9.082e-009	4.978e-010	2.925e-011	3.292e-009	4.576e-009	3.322e-010	
440.00	4.718e+007	7.247e+000	1.072e+022	7.882e+022	1.502e+022	1.033e+023	4.786e-009	1.099e-008	3.950e-010	6.073e-009	7.620e-010	1.295e-009	2.237e-010	8.094e-010	2.231e-010	4.751e-010	6.278e-010	1.044e-009	1.402e-009	9.181e-009	5.047e-010	2.908e-011	3.363e-009	4.667e-009	3.426e-010	
445.00	4.764e+007	7.295e+000	1.071e+022	7.912e+022	1.500e+022	1.038e+023	4.780e-009	1.096e-008	3.959e-010	6.067e-009	7.616e-010	1.293e-009	2.237e-010	8.084e-010	2.230e-010	4.747e-010	6.253e-010	1.038e-009	1.408e-009	9.279e-009	5.116e-010	2.892e-011	3.434e-009	4.757e-009	3.530e-010	
450.00	4.809e+007	7.342e+000	1.069e+022	7.942e+022	1.497e+022	1.043e+023	4.774e-009	1.093e-008	3.969e-010	6.060e-009	7.613e-010	1.291e-009	2.236e-010	8.075e-010	2.229e-010	4.744e-010	6.228e-010	1.033e-009	1.413e-009	9.376e-009	5.184e-010	2.875e-011	3.505e-009	4.847e-009	3.635e-010	
455.00	4.855e+007	7.389e+000	1.067e+022	7.972e+022	1.495e+022	1.048e+023	4.767e-009	1.090e-008	3.978e-010	6.054e-009	7.609e-010	1.290e-009	2.236e-010	8.065e-010	2.228e-010	4.740e-010	6.204e-010	1.027e-009	1.418e-009	9.471e-009	5.251e-010	2.859e-011	3.576e-009	4.936e-009	3.740e-010	
460.00	4.900e+007	7.435e+000	1.065e+022	8.001e+022	1.493e+022	1.053e+023	4.761e-009	1.087e-008	3.987e-010	6.047e-009	7.605e-010	1.288e-009	2.236e-010	8.056e-010	2.227e-010	4.736e-010	6.180e-010	1.022e-009	1.423e-009	9.566e-009	5.318e-010	2.843e-011	3.647e-009	5.025e-009	3.845e-010	
465.00	4.945e+007	7.481e+000	1.063e+022	8.031e+022	1.491e+022	1.058e+023	4.755e-009	1.085e-008	3.996e-010	6.041e-009	7.601e-010	1.287e-009	2.235e-010	8.047e-010	2.226e-010	4.733e-010	6.156e-010	1.017e-009	1.428e-009	9.660e-009	5.384e-010	2.828e-011	3.717e-009	5.113e-009	3.951e-010	
470.00	4.990e+007	7.527e+000	1.062e+022	8.060e+022	1.489e+022	1.062e+023	4.748e-009	1.082e-008	4.004e-010	6.035e-009	7.597e-010	1.285e-009	2.235e-010	8.038e-010	2.225e-010	4.729e-010	6.133e-010	1.011e-009	1.433e-009	9.753e-009	5.450e-010	2.812e-011	3.787e-009	5.201e-009	4.057e-010	
475.00	5.035e+007	7.572e+000	1.060e+022	8.089e+022	1.487e+022	1.067e+023	4.742e-009	1.079e-008	4.013e-010	6.029e-009	7.593e-010	1.284e-009	2.234e-010	8.029e-010	2.224e-010	4.726e-010	6.110e-010	1.006e-009	1.438e-009	9.844e-009	5.515e-010	2.797e-011	3.856e-009	5.288e-009	4.162e-010	
480.00	5.080e+007	7.617e+000	1.058e+022	8.117e+022	1.485e+022	1.072e+023	4.736e-009	1.077e-008	4.021e-010	6.023e-009	7.589e-010	1.282e-009	2.234e-010	8.020e-010	2.223e-010	4.722e-010	6.087e-010	1.001e-009	1.443e-009	9.935e-009	5.579e-010	2.783e-011	3.925e-009	5.374e-009	4.268e-010	
485.00	5.124e+007	7.662e+000	1.057e+022	8.146e+022	1.483e+022	1.076e+023	4.730e-009	1.074e-008	4.029e-010	6.016e-009	7.586e-010	1.281e-009	2.234e-010	8.012e-010	2.222e-010	4.719e-010	6.065e-010	9.962e-010	1.447e-009	1.002e-008	5.643e-010	2.768e-011	3.994e-009	5.460e-009	4.374e-010	
490.00	5.169e+007	7.706e+000	1.055e+022	8.174e+022	1.481e+022	1.081e+023	4.724e-009	1.072e-008	4.037e-010	6.010e-009	7.582e-010	1.279e-009	2.233e-010	8.003e-010	2.221e-010	4.716e-010	6.044e-010	9.912e-010	1.452e-009	1.011e-008	5.706e-010	2.754e-011	4.063e-009	5.546e-009	4.479e-010	
495.00	5.213e+007	7.749e+000	1.053e+022	8.202e+022	1.479e+022	1.085e+023	4.718e-009	1.069e-008	4.045e-010	6.004e-009	7.578e-010	1.278e-009	2.233e-010	7.995e-010	2.220e-010	4.712e-010	6.022e-010	9.863e-010	1.456e-009	1.020e-008	5.768e-010	2.740e-011	4.131e-009	5.630e-009	4.585e-010	
500.00	5.257e+007	7.793e+000	1.051e+022	8.230e+022	1.477e+022	1.090e+023	4.713e-009	1.067e-008	4.052e-010	5.999e-009	7.574e-010	1.277e-009	2.233e-010	7.987e-010	2.219e-010	4.709e-010	6.001e-010	9.815e-010	1.460e-009	1.029e-008	5.830e-010	2.726e-011	4.198e-009	5.714e-009	4.690e-010	
505.00	5.301e+007	7.835e+000	1.050e+022	8.257e+022	1.475e+022	1.094e+023	4.707e-009	1.064e-008	4.060e-010	5.993e-009	7.571e-010	1.275e-009	2.232e-010	7.978e-010	2.218e-010	4.706e-010	5.980e-010	9.767e-010	1.465e-009	1.037e-008	5.891e-010	2.713e-011	4.265e-009	5.798e-009	4.795e-010	
510.00	5.345e+007	7.878e+000	1.048e+022	8.284e+022	1.474e+022	1.098e+023	4.701e-009	1.062e-008	4.067e-010	5.987e-009	7.567e-010	1.274e-009	2.232e-010	7.970e-010	2.217e-010	4.702e-010	5.960e-010	9.720e-010	1.469e-009	1.046e-008	5.952e-010	2.699e-011	4.332e-009	5.881e-009	4.900e-010	
515.00	5.389e+007	7.920e+000	1.046e+022	8.311e+022	1.472e+022	1.102e+023	4.695e-009	1.059e-008	4.074e-010	5.981e-009	7.563e-010	1.273e-009	2.232e-010	7.962e-010	2.217e-010	4.699e-010	5.940e-010	9.674e-010	1.473e-009	1.054e-008	6.012e-010	2.686e-011	4.399e-009	5.963e-009	5.005e-010	
520.00	5.433e+007	7.961e+000	1.045e+022	8.338e+022	1.470e+022	1.106e+023	4.690e-009	1.057e-008	4.081e-010	5.976e-009	7.559e-010	1.271e-009	2.231e-010	7.954e-010	2.216e-010	4.696e-010	5.920e-010	9.628e-010	1.477e-009	1.063e-008	6.071e-010	2.674e-011	4.464e-009	6.044e-009	5.109e-010	
525.00	5.477e+007	8.002e+000	1.043e+022	8.364e+022	1.468e+022	1.110e+023	4.684e-009	1.055e-008	4.088e-010	5.970e-009	7.556e-010	1.270e-009	2.231e-010	7.946e-010	2.215e-010	4.693e-010	5.900e-010	9.583e-010	1.481e-009	1.071e-008	6.130e-010	2.661e-011	4.530e-009	6.125e-009	5.214e-010	
530.00	5.520e+007	8.043e+000	1.042e+022	8.391e+022	1.467e+022	1.114e+023	4.679e-009	1.052e-008	4.095e-010	5.964e-009	7.552e-010	1.269e-009	2.230e-010	7.939e-010	2.214e-010	4.690e-010	5.881e-010	9.538e-010	1.484e-009	1.079e-008	6.188e-010	2.649e-011	4.595e-009	6.205e-009	5.317e-010	
535.00	5.564e+007	8.084e+000	1.040e+022	8.417e+022	1.465e+022	1.118e+023	4.674e-009	1.050e-008	4.102e-010	5.959e-009	7.549e-010	1.267e-009	2.230e-010	7.931e-010	2.213e-010	4.687e-010	5.862e-010	9.494e-010	1.488e-009	1.087e-008	6.245e-010	2.636e-011	4.659e-009	6.285e-009	5.421e-010	
540.00	5.607e+007	8.124e+000	1.038e+022	8.442e+022	1.463e+022	1.122e+023	4.668e-009	1.048e-008	4.108e-010	5.953e-009	7.545e-010	1.266e-009	2.230e-010	7.924e-010	2.212e-010	4.684e-010	5.844e-010	9.451e-010	1.492e-009	1.095e-008	6.302e-010	2.624e-011	4.723e-009	6.363e-009	5.524e-010	
545.00	5.650e+007	8.163e+000	1.037e+022	8.468e+022	1.462e+022	1.126e+023	4.663e-009	1.046e-008	4.115e-010	5.948e-009	7.542e-010	1.265e-009	2.229e-010	7.916e-010	2.211e-010	4.681e-010	5.826e-010	9.408e-010	1.495e-009	1.103e-008	6.359e-010	2.613e-011	4.787e-009	6.441e-009	5.626e-010	
550.00	5.694e+007	8.202e+000	1.035e+022	8.493e+022	1.460e+022	1.129e+023	4.658e-009	1.044e-008	4.121e-010	5.943e-009	7.538e-010	1.264e-009	2.229e-010	7.909e-010	2.211e-010	4.678e-010	5.807e-010	9.365e-010	1.499e-009	1.110e-008	6.414e-010	2.601e-011	4.849e-009	6.519e-009	5.728e-010	
555.00	5.737e+007	8.241e+000	1.034e+022	8.518e+022	1.459e+022	1.133e+023	4.653e-009	1.041e-008	4.127e-010	5.937e-009	7.535e-010	1.262e-009	2.229e-010	7.902e-010	2.210e-010	4.675e-010	5.790e-010	9.323e-010	1.502e-009	1.118e-008	6.469e-010	2.590e-011	4.912e-009	6.595e-009	5.829e-010	
560.00	5.780e+007	8.279e+000	1.032e+022	8.543e+022	1.457e+022	1.137e+023	4.648e-009	1.039e-008	4.133e-010	5.932e-009	7.531e-010	1.261e-009	2.228e-010	7.895e-010	2.209e-010	4.672e-010	5.772e-010	9.282e-010	1.506e-009	1.126e-008	6.524e-010	2.578e-011	4.974e-009	6.671e-009	5.930e-010	
565.00	5.823e+007	8.317e+000	1.031e+022	8.567e+022	1.456e+022	1.140e+023	4.643e-009	1.037e-008	4.139e-010	5.927e-009	7.528e-010	1.260e-009	2.228e-010	7.887e-010	2.208e-010	4.669e-010	5.755e-010	9.241e-010	1.509e-009	1.133e-008	6.578e-010	2.567e-011	5.035e-009	6.746e-009	6.031e-010	
570.00	5.866e+007	8.355e+000	1.029e+022	8.591e+022	1.455e+022	1.144e+023	4.638e-009	1.035e-008	4.145e-010	5.922e-009	7.525e-010	1.259e-009	2.228e-010	7.881e-010	2.207e-010	4.667e-010	5.738e-010	9.201e-010	1.512e-009	1.141e-008	6.631e-010	2.556e-011	5.096e-009	6.821e-009	6.131e-010	
575.00	5.908e+007	8.392e+000	1.028e+022	8.615e+022	1.453e+022	1.147e+023	4.633e-009	1.033e-008	4.151e-010	5.917e-009	7.521e-010	1.258e-009	2.227e-010	7.874e-010	2.207e-010	4.664e-010	5.721e-010	9.161e-010	1.516e-009	1.148e-008	6.684e-010	2.546e-011	5.156e-009	6.895e-009	6.230e-010	
580.00	5.951e+007	8.429e+000	1.026e+022	8.639e+022	1.452e+022	1.150e+023	4.628e-009	1.031e-008	4.156e-010	5.912e-009	7.518e-010	1.256e-009	2.227e-010	7.867e-010	2.206e-010	4.661e-010	5.705e-010	9.122e-010	1.519e-009	1.155e-008	6.736e-010	2.535e-011	5.216e-009	6.968e-009	6.329e-010	
585.00	5.994e+007	8.465e+000	1.025e+022	8.663e+022	1.450e+022	1.154e+023	4.623e-009	1.029e-008	4.162e-010	5.907e-009	7.515e-010	1.255e-009	2.227e-010	7.860e-010	2.205e-010	4.659e-010	5.689e-010	9.083e-010	1.522e-009	1.162e-008	6.787e-010	2.525e-011	5.276e-009	7.040e-009	6.427e-010	
590.00	6.036e+007	8.501e+000	1.023e+022	8.686e+022	1.449e+022	1.157e+023	4.618e-009	1.027e-008	4.168e-010	5.902e-009	7.512e-010	1.254e-009	2.226e-010	7.854e-010	2.204e-010	4.656e-010	5.673e-010	9.045e-010	1.525e-009	1.169e-008	6.838e-010	2.515e-011	5.334e-009	7.112e-009	6.525e-010	
595.00	6.079e+007	8.537e+000	1.022e+022	8.709e+022	1.448e+022	1.160e+023	4.614e-009	1.025e-008	4.173e-010	5.897e-009	7.509e-010	1.253e-009	2.226e-010	7.847e-010	2.204e-010	4.653e-010	5.657e-010	9.007e-010	1.528e-009	1.176e-008	6.889e-010	2.505e-011	5.393e-009	7.183e-009	6.621e-010	
600.00	6.121e+007	8.572e+000	1.020e+022	8.732e+022	1.446e+022	1.163e+023	4.609e-009	1.023e-008	4.178e-010	5.892e-009	7.505e-010	1.252e-009	2.226e-010	7.841e-010	2.203e-010	4.651e-010	5.641e-010	8.970e-010	1.531e-009	1.183e-008	6.939e-010	2.495e-011	5.450e-009	7.253e-009	6.718e-010	
605.00	6.164e+007	8.607e+000	1.019e+022	8.754e+022	1.445e+022	1.167e+023	4.605e-009	1.021e-008	4.183e-010	5.887e-009	7.502e-010	1.251e-009	2.225e-010	7.834e-010	2.202e-010	4.648e-010	5.626e-010	8.933e-010	1.534e-009	1.190e-008	6.988e-010	2.485e-011	5.508e-009	7.323e-009	6.813e-010	
610.00	6.206e+007	8.641e+000	1.017e+022	8.777e+022	1.444e+022	1.170e+023	4.600e-009	1.020e-008	4.189e-010	5.883e-009	7.499e-010	1.250e-009	2.225e-010	7.828e-010	2.202e-010	4.646e-010	5.611e-010	8.896e-010	1.537e-009	1.197e-008	7.037e-010	2.475e-011	5.564e-009	7.392e-009	6.908e-010	
615.00	6.248e+007	8.675e+000	1.016e+022	8.799e+022	1.443e+022	1.173e+023	4.596e-009	1.018e-008	4.194e-010	5.878e-009	7.496e-010	1.249e-009	2.225e-010	7.822e-010	2.201e-010	4.643e-010	5.596e-010	8.860e-010	1.539e-009	1.203e-008	7.085e-010	2.466e-011	5.620e-009	7.460e-009	7.003e-010	
620.00	6.291e+007	8.709e+000	1.015e+022	8.820e+022	1.442e+022	1.176e+023	4.591e-009	1.016e-008	4.199e-010	5.873e-009	7.493e-010	1.248e-009	2.224e-010	7.816e-010	2.200e-010	4.641e-010	5.582e-010	8.825e-010	1.542e-009	1.210e-008	7.132e-010	2.457e-011	5.676e-009	7.527e-009	7.096e-010	
625.00	6.333e+007	8.742e+000	1.013e+022	8.842e+022	1.440e+022	1.179e+023	4.587e-009	1.014e-008	4.203e-010	5.869e-009	7.490e-010	1.247e-009	2.224e-010	7.810e-010	2.199e-010	4.638e-010	5.567e-010	8.789e-010	1.545e-009	1.216e-008	7.179e-010	2.447e-011	5.731e-009	7.594e-009	7.189e-010	
630.00	6.375e+007	8.775e+000	1.012e+022	8.863e+022	1.439e+022	1.181e+023	4.583e-009	1.012e-008	4.208e-010	5.864e-009	7.487e-010	1.246e-009	2.224e-010	7.804e-010	2.199e-010	4.636e-010	5.553e-010	8.755e-010	1.547e-009	1.223e-008	7.226e-010	2.438e-011	5.786e-009	7.660e-009	7.281e-010	
635.00	6.417e+007	8.808e+000	1.011e+022	8.885e+022	1.438e+022	1.184e+023	4.579e-009	1.011e-008	4.213e-010	5.860e-009	7.484e-010	1.245e-009	2.223e-010	7.798e-010	2.198e-010	4.634e-010	5.539e-010	8.720e-010	1.550e-009	1.229e-008	7.272e-010	2.430e-011	5.840e-009	7.726e-009	7.373e-010	
640.00	6.459e+007	8.840e+000	1.009e+022	8.906e+022	1.437e+022	1.187e+023	4.574e-009	1.009e-008	4.218e-010	5.856e-009	7.482e-010	1.244e-009	2.223e-010	7.792e-010	2.197e-010	4.631e-010	5.525e-010	8.687e-010	1.553e-009	1.236e-008	7.318e-010	2.421e-011	5.893e-009	7.791e-009	7.464e-010	
645.00	6.501e+007	8.872e+000	1.008e+022	8.926e+022	1.436e+022	1.190e+023	4.570e-009	1.007e-008	4.222e-010	5.851e-009	7.479e-010	1.243e-009	2.223e-010	7.786e-010	2.197e-010	4.629e-010	5.512e-010	8.653e-010	1.555e-009	1.242e-008	7.363e-010	2.412e-011	5.946e-009	7.855e-009	7.554e-010	
650.00	6.543e+007	8.904e+000	1.007e+022	8.947e+022	1.435e+022	1.193e+023	4.566e-009	1.006e-008	4.227e-010	5.847e-009	7.476e-010	1.242e-009	2.222e-010	7.780e-010	2.196e-010	4.627e-010	5.498e-010	8.620e-010	1.558e-009	1.248e-008	7.407e-010	2.404e-011	5.999e-009	7.918e-009	7.643e-010	
655.00	6.585e+007	8.935e+000	1.005e+022	8.967e+022	1.434e+022	1.195e+023	4.562e-009	1.004e-008	4.231e-010	5.843e-009	7.473e-010	1.241e-009	2.222e-010	7.775e-010	2.195e-010	4.624e-010	5.485e-010	8.588e-010	1.560e-009	1.254e-008	7.451e-010	2.395e-011	6.051e-009	7.981e-009	7.732e-010	
660.00	6.626e+007	8.966e+000	1.004e+022	8.987e+022	1.433e+022	1.198e+023	4.558e-009	1.002e-008	4.236e-010	5.838e-009	7.470e-010	1.240e-009	2.222e-010	7.769e-010	2.195e-010	4.622e-010	5.472e-010	8.555e-010	1.563e-009	1.260e-008	7.495e-010	2.387e-011	6.102e-009	8.043e-009	7.820e-010	
665.00	6.668e+007	8.996e+000	1.003e+022	9.007e+022	1.432e+022	1.200e+023	4.554e-009	1.001e-008	4.240e-010	5.834e-009	7.468e-010	1.239e-009	2.222e-010	7.764e-010	2.194e-010	4.620e-010	5.459e-010	8.524e-010	1.565e-009	1.266e-008	7.538e-010	2.379e-011	6.153e-009	8.105e-009	7.907e-010	
670.00	6.710e+007	9.026e+000	1.001e+022	9.026e+022	1.431e+022	1.203e+023	4.551e-009	9.992e-009	4.244e-010	5.830e-009	7.465e-010	1.238e-009	2.221e-010	7.758e-010	2.194e-010	4.618e-010	5.446e-010	8.492e-010	1.567e-009	1.272e-008	7.580e-010	2.371e-011	6.203e-009	8.166e-009	7.994e-010	
675.00	6.752e+007	9.056e+000	1.000e+022	9.046e+022	1.430e+022	1.205e+023	4.547e-009	9.976e-009	4.248e-010	5.826e-009	7.462e-010	1.237e-009	2.221e-010	7.753e-010	2.193e-010	4.616e-010	5.434e-010	8.461e-010	1.570e-009	1.277e-008	7.622e-010	2.363e-011	6.253e-009	8.226e-009	8.079e-010	
680.00	6.793e+007	9.086e+000	9.990e+021	9.065e+022	1.429e+022	1.208e+023	4.543e-009	9.961e-009	4.252e-010	5.822e-009	7.460e-010	1.236e-009	2.221e-010	7.748e-010	2.192e-010	4.614e-010	5.421e-010	8.430e-010	1.572e-009	1.283e-008	7.664e-010	2.355e-011	6.303e-009	8.285e-009	8.164e-010	
685.00	6.835e+007	9.115e+000	9.978e+021	9.084e+022	1.428e+022	1.210e+023	4.539e-009	9.945e-009	4.256e-010	5.818e-009	7.457e-010	1.235e-009	2.220e-010	7.742e-010	2.192e-010	4.611e-010	5.409e-010	8.400e-010	1.574e-009	1.289e-008	7.705e-010	2.347e-011	6.352e-009	8.344e-009	8.249e-010	
690.00	6.876e+007	9.144e+000	9.966e+021	9.103e+022	1.427e+022	1.213e+023	4.535e-009	9.930e-009	4.260e-010	5.814e-009	7.454e-010	1.234e-009	2.220e-010	7.737e-010	2.191e-010	4.609e-010	5.397e-010	8.370e-010	1.576e-009	1.294e-008	7.745e-010	2.340e-011	6.400e-009	8.403e-009	8.332e-010	
695.00	6.918e+007	9.172e+000	9.954e+021	9.121e+022	1.426e+022	1.215e+023	4.532e-009	9.915e-009	4.264e-010	5.810e-009	7.452e-010	1.234e-009	2.220e-010	7.732e-010	2.191e-010	4.607e-010	5.385e-010	8.341e-010	1.578e-009	1.300e-008	7.785e-010	2.332e-011	6.448e-009	8.460e-009	8.415e-010	
700.00	6.960e+007	9.201e+000	9.942e+021	9.140e+022	1.425e+022	1.217e+023	4.528e-009	9.901e-009	4.268e-010	5.806e-009	7.449e-010	1.233e-009	2.220e-010	7.727e-010	2.190e-010	4.605e-010	5.374e-010	8.312e-010	1.580e-009	1.305e-008	7.825e-010	2.325e-011	6.495e-009	8.517e-009	8.497e-010	
705.00	7.001e+007	9.229e+000	9.931e+021	9.158e+022	1.424e+022	1.220e+023	4.525e-009	9.886e-009	4.272e-010	5.803e-009	7.447e-010	1.232e-009	2.219e-010	7.722e-010	2.190e-010	4.603e-010	5.362e-010	8.283e-010	1.583e-009	1.311e-008	7.864e-010	2.318e-011	6.542e-009	8.574e-009	8.579e-010	
710.00	7.042e+007	9.256e+000	9.919e+021	9.176e+022	1.423e+022	1.222e+023	4.521e-009	9.872e-009	4.276e-010	5.799e-009	7.444e-010	1.231e-009	2.219e-010	7.717e-010	2.189e-010	4.601e-010	5.351e-010	8.254e-010	1.585e-009	1.316e-008	7.903e-010	2.310e-011	6.589e-009	8.630e-009	8.659e-010	
715.00	7.084e+007	9.284e+000	9.908e+021	9.193e+022	1.422e+022	1.224e+023	4.518e-009	9.858e-009	4.279e-010	5.795e-009	7.442e-010	1.230e-009	2.219e-010	7.712e-010	2.188e-010	4.599e-010	5.340e-010	8.226e-010	1.587e-009	1.321e-008	7.941e-010	2.303e-011	6.635e-009	8.685e-009	8.739e-010	
720.00	7.125e+007	9.311e+000	9.896e+021	9.211e+022	1.422e+022	1.226e+023	4.514e-009	9.844e-009	4.283e-010	5.792e-009	7.440e-010	1.229e-009	2.219e-010	7.708e-010	2.188e-010	4.598e-010	5.328e-010	8.198e-010	1.589e-009	1.326e-008	7.979e-010	2.296e-011	6.680e-009	8.740e-009	8.819e-010	
725.00	7.167e+007	9.337e+000	9.885e+021	9.228e+022	1.421e+022	1.228e+023	4.511e-009	9.830e-009	4.287e-010	5.788e-009	7.437e-010	1.229e-009	2.218e-010	7.703e-010	2.187e-010	4.596e-010	5.317e-010	8.171e-010	1.591e-009	1.332e-008	8.017e-010	2.289e-011	6.725e-009	8.794e-009	8.897e-010	
730.00	7.208e+007	9.364e+000	9.874e+021	9.245e+022	1.420e+022	1.231e+023	4.507e-009	9.816e-009	4.290e-010	5.784e-009	7.435e-010	1.228e-009	2.218e-010	7.698e-010	2.187e-010	4.594e-010	5.307e-010	8.144e-010	1.593e-009	1.337e-008	8.054e-010	2.283e-011	6.770e-009	8.847e-009	8.975e-010	
735.00	7.249e+007	9.390e+000	9.863e+021	9.262e+022	1.419e+022	1.233e+023	4.504e-009	9.803e-009	4.294e-010	5.781e-009	7.432e-010	1.227e-009	2.218e-010	7.694e-010	2.186e-010	4.592e-010	5.296e-010	8.117e-010	1.594e-009	1.342e-008	8.090e-010	2.276e-011	6.814e-009	8.900e-009	9.052e-010	
740.00	7.291e+007	9.416e+000	9.852e+021	9.279e+022	1.418e+022	1.235e+023	4.501e-009	9.789e-009	4.297e-010	5.777e-009	7.430e-010	1.226e-009	2.218e-010	7.689e-010	2.186e-010	4.590e-010	5.286e-010	8.091e-010	1.596e-009	1.347e-008	8.127e-010	2.269e-011	6.858e-009	8.953e-009	9.129e-010	
745.00	7.332e+007	9.441e+000	9.842e+021	9.296e+022	1.418e+022	1.237e+023	4.498e-009	9.776e-009	4.301e-010	5.774e-009	7.428e-010	1.226e-009	2.217e-010	7.685e-010	2.185e-010	4.588e-010	5.275e-010	8.064e-010	1.598e-009	1.352e-008	8.162e-010	2.263e-011	6.901e-009	9.004e-009	9.204e-010	
750.00	7.373e+007	9.466e+000	9.831e+021	9.312e+022	1.417e+022	1.239e+023	4.494e-009	9.763e-009	4.304e-010	5.770e-009	7.426e-010	1.225e-009	2.217e-010	7.680e-010	2.185e-010	4.586e-010	5.265e-010	8.039e-010	1.600e-009	1.356e-008	8.198e-010	2.256e-011	6.944e-009	9.056e-009	9.279e-010	
755.00	7.415e+007	9.491e+000	9.821e+021	9.328e+022	1.416e+022	1.241e+023	4.491e-009	9.750e-009	4.307e-010	5.767e-009	7.423e-010	1.224e-009	2.217e-010	7.676e-010	2.184e-010	4.585e-010	5.255e-010	8.013e-010	1.602e-009	1.361e-008	8.233e-010	2.250e-011	6.986e-009	9.106e-009	9.353e-010	
760.00	7.456e+007	9.516e+000	9.810e+021	9.345e+022	1.415e+022	1.243e+023	4.488e-009	9.738e-009	4.310e-010	5.764e-009	7.421e-010	1.223e-009	2.217e-010	7.671e-010	2.184e-010	4.583e-010	5.245e-010	7.988e-010	1.604e-009	1.366e-008	8.267e-010	2.244e-011	7.028e-009	9.156e-009	9.427e-010	
765.00	7.497e+007	9.540e+000	9.800e+021	9.360e+022	1.415e+022	1.244e+023	4.485e-009	9.725e-009	4.314e-010	5.760e-009	7.419e-010	1.223e-009	2.216e-010	7.667e-010	2.183e-010	4.581e-010	5.235e-010	7.963e-010	1.605e-009	1.371e-008	8.301e-010	2.238e-011	7.069e-009	9.206e-009	9.500e-010	
770.00	7.538e+007	9.564e+000	9.790e+021	9.376e+022	1.414e+022	1.246e+023	4.482e-009	9.713e-009	4.317e-010	5.757e-009	7.417e-010	1.222e-009	2.216e-010	7.663e-010	2.183e-010	4.580e-010	5.225e-010	7.938e-010	1.607e-009	1.375e-008	8.335e-010	2.232e-011	7.110e-009	9.255e-009	9.572e-010	
775.00	7.580e+007	9.588e+000	9.780e+021	9.392e+022	1.413e+022	1.248e+023	4.479e-009	9.700e-009	4.320e-010	5.754e-009	7.415e-010	1.221e-009	2.216e-010	7.659e-010	2.182e-010	4.578e-010	5.216e-010	7.914e-010	1.609e-009	1.380e-008	8.369e-010	2.225e-011	7.151e-009	9.304e-009	9.644e-010	
780.00	7.621e+007	9.612e+000	9.770e+021	9.407e+022	1.412e+022	1.250e+023	4.476e-009	9.688e-009	4.323e-010	5.750e-009	7.413e-010	1.220e-009	2.216e-010	7.654e-010	2.182e-010	4.576e-010	5.206e-010	7.890e-010	1.610e-009	1.384e-008	8.402e-010	2.220e-011	7.191e-009	9.352e-009	9.714e-010	
785.00	7.662e+007	9.635e+000	9.760e+021	9.422e+022	1.412e+022	1.252e+023	4.473e-009	9.676e-009	4.326e-010	5.747e-009	7.410e-010	1.220e-009	2.215e-010	7.650e-010	2.181e-010	4.574e-010	5.197e-010	7.866e-010	1.612e-009	1.389e-008	8.434e-010	2.214e-011	7.231e-009	9.399e-009	9.785e-010	
790.00	7.703e+007	9.658e+000	9.751e+021	9.437e+022	1.411e+022	1.254e+023	4.470e-009	9.664e-009	4.329e-010	5.744e-009	7.408e-010	1.219e-009	2.215e-010	7.646e-010	2.181e-010	4.573e-010	5.187e-010	7.843e-010	1.614e-009	1.393e-008	8.467e-010	2.208e-011	7.270e-009	9.446e-009	9.854e-010	
795.00	7.744e+007	9.681e+000	9.741e+021	9.452e+022	1.410e+022	1.255e+023	4.467e-009	9.653e-009	4.332e-010	5.741e-009	7.406e-010	1.218e-009	2.215e-010	7.642e-010	2.180e-010	4.571e-010	5.178e-010	7.820e-010	1.615e-009	1.398e-008	8.499e-010	2.202e-011	7.309e-009	9.492e-009	9.923e-010	
800.00	7.785e+007	9.704e+000	9.732e+021	9.467e+022	1.410e+022	1.257e+023	4.464e-009	9.641e-009	4.335e-010	5.738e-009	7.404e-010	1.218e-009	2.215e-010	7.638e-010	2.180e-010	4.570e-010	5.169e-010	7.797e-010	1.617e-009	1.402e-008	8.530e-010	2.197e-011	7.347e-009	9.538e-009	9.991e-010	
805.00	7.827e+007	9.726e+000	9.722e+021	9.481e+022	1.409e+022	1.259e+023	4.462e-009	9.630e-009	4.338e-010	5.735e-009	7.402e-010	1.217e-009	2.214e-010	7.634e-010	2.179e-010	4.568e-010	5.160e-010	7.774e-010	1.618e-009	1.406e-008	8.561e-010	2.191e-011	7.385e-009	9.584e-009	1.006e-009	
810.00	7.868e+007	9.748e+000	9.713e+021	9.496e+022	1.409e+022	1.260e+023	4.459e-009	9.619e-009	4.340e-010	5.732e-009	7.400e-010	1.216e-009	2.214e-010	7.631e-010	2.179e-010	4.567e-010	5.152e-010	7.752e-010	1.620e-009	1.410e-008	8.592e-010	2.185e-011	7.423e-009	9.629e-009	1.013e-009	
815.00	7.909e+007	9.770e+000	9.704e+021	9.510e+022	1.408e+022	1.262e+023	4.456e-009	9.607e-009	4.343e-010	5.729e-009	7.398e-010	1.216e-009	2.214e-010	7.627e-010	2.179e-010	4.565e-010	5.143e-010	7.730e-010	1.622e-009	1.414e-008	8.623e-010	2.180e-011	7.460e-009	9.673e-009	1.019e-009	
820.00	7.950e+007	9.791e+000	9.695e+021	9.524e+022	1.407e+022	1.264e+023	4.453e-009	9.596e-009	4.346e-010	5.726e-009	7.396e-010	1.215e-009	2.214e-010	7.623e-010	2.178e-010	4.563e-010	5.134e-010	7.708e-010	1.623e-009	1.419e-008	8.653e-010	2.175e-011	7.497e-009	9.717e-009	1.026e-009	
825.00	7.991e+007	9.813e+000	9.686e+021	9.538e+022	1.407e+022	1.265e+023	4.451e-009	9.586e-009	4.349e-010	5.723e-009	7.394e-010	1.214e-009	2.214e-010	7.619e-010	2.178e-010	4.562e-010	5.126e-010	7.686e-010	1.625e-009	1.423e-008	8.683e-010	2.169e-011	7.534e-009	9.761e-009	1.032e-009	
830.00	8.032e+007	9.834e+000	9.677e+021	9.552e+022	1.406e+022	1.267e+023	4.448e-009	9.575e-009	4.351e-010	5.720e-009	7.392e-010	1.214e-009	2.213e-010	7.616e-010	2.177e-010	4.560e-010	5.117e-010	7.665e-010	1.626e-009	1.427e-008	8.712e-010	2.164e-011	7.570e-009	9.804e-009	1.039e-009	
835.00	8.073e+007	9.855e+000	9.668e+021	9.565e+022	1.405e+022	1.268e+023	4.445e-009	9.564e-009	4.354e-010	5.717e-009	7.391e-010	1.213e-009	2.213e-010	7.612e-010	2.177e-010	4.559e-010	5.109e-010	7.644e-010	1.627e-009	1.431e-008	8.741e-010	2.159e-011	7.605e-009	9.846e-009	1.045e-009	
840.00	8.114e+007	9.875e+000	9.660e+021	9.579e+022	1.405e+022	1.270e+023	4.443e-009	9.554e-009	4.357e-010	5.715e-009	7.389e-010	1.213e-009	2.213e-010	7.608e-010	2.176e-010	4.558e-010	5.101e-010	7.623e-010	1.629e-009	1.435e-008	8.770e-010	2.154e-011	7.641e-009	9.889e-009	1.051e-009	
845.00	8.155e+007	9.896e+000	9.651e+021	9.592e+022	1.404e+022	1.271e+023	4.440e-009	9.543e-009	4.359e-010	5.712e-009	7.387e-010	1.212e-009	2.213e-010	7.605e-010	2.176e-010	4.556e-010	5.093e-010	7.603e-010	1.630e-009	1.438e-008	8.799e-010	2.149e-011	7.676e-009	9.930e-009	1.058e-009	
850.00	8.196e+007	9.916e+000	9.643e+021	9.605e+022	1.404e+022	1.273e+023	4.438e-009	9.533e-009	4.362e-010	5.709e-009	7.385e-010	1.211e-009	2.213e-010	7.601e-010	2.176e-010	4.555e-010	5.085e-010	7.582e-010	1.632e-009	1.442e-008	8.827e-010	2.144e-011	7.710e-009	9.971e-009	1.064e-009	
855.00	8.237e+007	9.936e+000	9.634e+021	9.618e+022	1.403e+022	1.274e+023	4.435e-009	9.523e-009	4.364e-010	5.706e-009	7.383e-010	1.211e-009	2.212e-010	7.598e-010	2.175e-010	4.553e-010	5.077e-010	7.562e-010	1.633e-009	1.446e-008	8.855e-010	2.139e-011	7.745e-009	1.001e-008	1.070e-009	
860.00	8.278e+007	9.956e+000	9.626e+021	9.631e+022	1.403e+022	1.276e+023	4.433e-009	9.513e-009	4.367e-010	5.704e-009	7.381e-010	1.210e-009	2.212e-010	7.594e-010	2.175e-010	4.552e-010	5.069e-010	7.542e-010	1.634e-009	1.450e-008	8.882e-010	2.134e-011	7.778e-009	1.005e-008	1.076e-009	
865.00	8.320e+007	9.975e+000	9.618e+021	9.644e+022	1.402e+022	1.277e+023	4.430e-009	9.503e-009	4.369e-010	5.701e-009	7.380e-010	1.210e-009	2.212e-010	7.591e-010	2.174e-010	4.550e-010	5.062e-010	7.523e-010	1.636e-009	1.454e-008	8.910e-010	2.129e-011	7.812e-009	1.009e-008	1.082e-009	
870.00	8.361e+007	9.994e+000	9.610e+021	9.656e+022	1.402e+022	1.279e+023	4.428e-009	9.493e-009	4.372e-010	5.698e-009	7.378e-010	1.209e-009	2.212e-010	7.588e-010	2.174e-010	4.549e-010	5.054e-010	7.503e-010	1.637e-009	1.457e-008	8.937e-010	2.125e-011	7.845e-009	1.013e-008	1.088e-009	
875.00	8.402e+007	1.001e+001	9.602e+021	9.669e+022	1.401e+022	1.280e+023	4.425e-009	9.484e-009	4.374e-010	5.696e-009	7.376e-010	1.208e-009	2.212e-010	7.584e-010	2.174e-010	4.548e-010	5.046e-010	7.484e-010	1.638e-009	1.461e-008	8.963e-010	2.120e-011	7.878e-009	1.017e-008	1.094e-009	
880.00	8.443e+007	1.003e+001	9.594e+021	9.681e+022	1.401e+022	1.281e+023	4.423e-009	9.474e-009	4.376e-010	5.693e-009	7.374e-010	1.208e-009	2.211e-010	7.581e-010	2.173e-010	4.546e-010	5.039e-010	7.465e-010	1.640e-009	1.464e-008	8.990e-010	2.115e-011	7.910e-009	1.021e-008	1.100e-009	
885.00	8.484e+007	1.005e+001	9.586e+021	9.693e+022	1.400e+022	1.283e+023	4.421e-009	9.464e-009	4.379e-010	5.691e-009	7.373e-010	1.207e-009	2.211e-010	7.578e-010	2.173e-010	4.545e-010	5.032e-010	7.446e-010	1.641e-009	1.468e-008	9.016e-010	2.111e-011	7.943e-009	1.025e-008	1.105e-009	
890.00	8.525e+007	1.007e+001	9.578e+021	9.705e+022	1.400e+022	1.284e+023	4.418e-009	9.455e-009	4.381e-010	5.688e-009	7.371e-010	1.207e-009	2.211e-010	7.574e-010	2.172e-010	4.544e-010	5.024e-010	7.428e-010	1.642e-009	1.472e-008	9.041e-010	2.106e-011	7.974e-009	1.029e-008	1.111e-009	
895.00	8.566e+007	1.009e+001	9.571e+021	9.717e+022	1.399e+022	1.285e+023	4.416e-009	9.446e-009	4.383e-010	5.686e-009	7.369e-010	1.206e-009	2.211e-010	7.571e-010	2.172e-010	4.543e-010	5.017e-010	7.410e-010	1.643e-009	1.475e-008	9.067e-010	2.102e-011	8.006e-009	1.032e-008	1.117e-009	
900.00	8.607e+007	1.011e+001	9.563e+021	9.729e+022	1.399e+022	1.287e+023	4.414e-009	9.437e-009	4.385e-010	5.683e-009	7.368e-010	1.206e-009	2.211e-010	7.568e-010	2.172e-010	4.541e-010	5.010e-010	7.391e-010	1.644e-009	1.478e-008	9.092e-010	2.097e-011	8.037e-009	1.036e-008	1.122e-009	
905.00	8.648e+007	1.012e+001	9.556e+021	9.741e+022	1.398e+022	1.288e+023	4.411e-009	9.428e-009	4.388e-010	5.681e-009	7.366e-010	1.205e-009	2.210e-010	7.565e-010	2.171e-010	4.540e-010	5.003e-010	7.374e-010	1.646e-009	1.482e-008	9.117e-010	2.093e-011	8.068e-009	1.040e-008	1.128e-009	
910.00	8.689e+007	1.014e+001	9.548e+021	9.752e+022	1.398e+022	1.289e+023	4.409e-009	9.419e-009	4.390e-010	5.678e-009	7.364e-010	1.205e-009	2.210e-010	7.562e-010	2.171e-010	4.539e-010	4.996e-010	7.356e-010	1.647e-009	1.485e-008	9.142e-010	2.089e-011	8.098e-009	1.043e-008	1.133e-009	
915.00	8.730e+007	1.016e+001	9.541e+021	9.764e+022	1.397e+022	1.290e+023	4.407e-009	9.410e-009	4.392e-010	5.676e-009	7.363e-010	1.204e-009	2.210e-010	7.559e-010	2.171e-010	4.538e-010	4.989e-010	7.338e-010	1.648e-009	1.489e-008	9.166e-010	2.084e-011	8.128e-009	1.047e-008	1.139e-009	
920.00	8.771e+007	1.018e+001	9.534e+021	9.775e+022	1.397e+022	1.292e+023	4.405e-009	9.401e-009	4.394e-010	5.673e-009	7.361e-010	1.204e-009	2.210e-010	7.556e-010	2.170e-010	4.536e-010	4.983e-010	7.321e-010	1.649e-009	1.492e-008	9.190e-010	2.080e-011	8.158e-009	1.050e-008	1.144e-009	
925.00	8.812e+007	1.019e+001	9.527e+021	9.786e+022	1.396e+022	1.293e+023	4.403e-009	9.393e-009	4.396e-010	5.671e-009	7.360e-010	1.203e-009	2.210e-010	7.553e-010	2.170e-010	4.535e-010	4.976e-010	7.304e-010	1.650e-009	1.495e-008	9.214e-010	2.076e-011	8.188e-009	1.054e-008	1.149e-009	
930.00	8.853e+007	1.021e+001	9.520e+021	9.797e+022	1.396e+022	1.294e+023	4.400e-009	9.384e-009	4.398e-010	5.669e-009	7.358e-010	1.203e-009	2.210e-010	7.550e-010	2.170e-010	4.534e-010	4.969e-010	7.287e-010	1.651e-009	1.498e-008	9.238e-010	2.072e-011	8.217e-009	1.057e-008	1.155e-009	
935.00	8.894e+007	1.023e+001	9.513e+021	9.808e+022	1.395e+022	1.295e+023	4.398e-009	9.376e-009	4.400e-010	5.667e-009	7.357e-010	1.202e-009	2.209e-010	7.547e-010	2.169e-010	4.533e-010	4.963e-010	7.270e-010	1.653e-009	1.501e-008	9.261e-010	2.068e-011	8.246e-009	1.061e-008	1.160e-009	
940.00	8.935e+007	1.024e+001	9.506e+021	9.819e+022	1.395e+022	1.296e+023	4.396e-009	9.367e-009	4.402e-010	5.664e-009	7.355e-010	1.202e-009	2.209e-010	7.544e-010	2.169e-010	4.532e-010	4.956e-010	7.254e-010	1.654e-009	1.505e-008	9.284e-010	2.064e-011	8.274e-009	1.064e-008	1.165e-009	
945.00	8.976e+007	1.026e+001	9.499e+021	9.830e+022	1.394e+022	1.298e+023	4.394e-009	9.359e-009	4.404e-010	5.662e-009	7.354e-010	1.201e-009	2.209e-010	7.541e-010	2.168e-010	4.530e-010	4.950e-010	7.238e-010	1.655e-009	1.508e-008	9.307e-010	2.060e-011	8.303e-009	1.068e-008	1.170e-009	
950.00	9.018e+007	1.028e+001	9.492e+021	9.840e+022	1.394e+022	1.299e+023	4.392e-009	9.351e-009	4.406e-010	5.660e-009	7.352e-010	1.201e-009	2.209e-010	7.538e-010	2.168e-010	4.529e-010	4.944e-010	7.221e-010	1.656e-009	1.511e-008	9.330e-010	2.056e-011	8.331e-009	1.071e-008	1.175e-009	
955.00	9.059e+007	1.029e+001	9.485e+021	9.851e+022	1.394e+022	1.300e+023	4.390e-009	9.343e-009	4.408e-010	5.658e-009	7.351e-010	1.200e-009	2.209e-010	7.536e-010	2.168e-010	4.528e-010	4.937e-010	7.205e-010	1.657e-009	1.514e-008	9.352e-010	2.052e-011	8.359e-009	1.074e-008	1.180e-009	
960.00	9.100e+007	1.031e+001	9.479e+021	9.861e+022	1.393e+022	1.301e+023	4.388e-009	9.335e-009	4.410e-010	5.655e-009	7.349e-010	1.200e-009	2.208e-010	7.533e-010	2.167e-010	4.527e-010	4.931e-010	7.190e-010	1.658e-009	1.517e-008	9.374e-010	2.048e-011	8.386e-009	1.077e-008	1.185e-009	
965.00	9.141e+007	1.032e+001	9.472e+021	9.871e+022	1.393e+022	1.302e+023	4.386e-009	9.327e-009	4.412e-010	5.653e-009	7.348e-010	1.199e-009	2.208e-010	7.530e-010	2.167e-010	4.526e-010	4.925e-010	7.174e-010	1.659e-009	1.520e-008	9.396e-010	2.044e-011	8.413e-009	1.081e-008	1.190e-009	
970.00	9.182e+007	1.034e+001	9.466e+021	9.881e+022	1.392e+022	1.303e+023	4.384e-009	9.319e-009	4.414e-010	5.651e-009	7.346e-010	1.199e-009	2.208e-010	7.527e-010	2.167e-010	4.525e-010	4.919e-010	7.159e-010	1.660e-009	1.523e-008	9.418e-010	2.041e-011	8.440e-009	1.084e-008	1.195e-009	
975.00	9.223e+007	1.035e+001	9.459e+021	9.891e+022	1.392e+022	1.304e+023	4.382e-009	9.311e-009	4.415e-010	5.649e-009	7.345e-010	1.198e-009	2.208e-010	7.525e-010	2.167e-010	4.524e-010	4.913e-010	7.143e-010	1.661e-009	1.526e-008	9.439e-010	2.037e-011	8.467e-009	1.087e-008	1.200e-009	
980.00	9.264e+007	1.037e+001	9.453e+021	9.901e+022	1.392e+022	1.305e+023	4.380e-009	9.304e-009	4.417e-010	5.647e-009	7.343e-010	1.198e-009	2.208e-010	7.522e-010	2.166e-010	4.523e-010	4.907e-010	7.128e-010	1.662e-009	1.529e-008	9.460e-010	2.033e-011	8.493e-009	1.090e-008	1.205e-009	
985.00	9.305e+007	1.039e+001	9.447e+021	9.911e+022	1.391e+022	1.306e+023	4.378e-009	9.296e-009	4.419e-010	5.645e-009	7.342e-010	1.197e-009	2.208e-010	7.519e-010	2.166e-010	4.522e-010	4.901e-010	7.113e-010	1.663e-009	1.531e-008	9.481e-010	2.030e-011	8.519e-009	1.093e-008	1.209e-009	
990.00	9.346e+007	1.040e+001	9.441e+021	9.921e+022	1.391e+022	1.307e+023	4.376e-009	9.289e-009	4.421e-010	5.643e-009	7.341e-010	1.197e-009	2.207e-010	7.517e-010	2.166e-010	4.521e-010	4.896e-010	7.098e-010	1.664e-009	1.534e-008	9.502e-010	2.026e-011	8.545e-009	1.096e-008	1.214e-009	
995.00	9.387e+007	1.041e+001	9.434e+021	9.931e+022	1.390e+022	1.308e+023	4.375e-009	9.281e-009	4.423e-010	5.641e-009	7.339e-010	1.197e-009	2.207e-010	7.514e-010	2.165e-010	4.519e-010	4.890e-010	7.084e-010	1.665e-009	1.537e-008	9.523e-010	2.023e-011	8.571e-009	1.099e-008	1.219e-009	
1000.00	9.428e+007	1.043e+001	9.428e+021	9.940e+022	1.390e+022	1.309e+023	4.373e-009	9.274e-009	4.424e-010	5.639e-009	7.338e-010	1.196e-009	2.207e-010	7.512e-010	2.165e-010	4.518e-010	4.884e-010	7.069e-010	1.666e-009	1.540e-008	9.543e-010	2.019e-011	8.596e-009	1.102e-008	1.223e-009	
